0
1.2
1.12937
1.18846
1.19723
1.18114
1.19868
1.19985
1.19804
1.18395
1.18759
1.18657
1.19326
1.18566
1.19938
1.1987
1.19978
1.1979
1.2
1.19969
1.19556
1.19927
1.19983
1.19997
1.1992
1.19548
1.19734
1.2
1.19854
1.2
1.2
1.2
1.2
1.2
1.2
1.2
1.2
1.2
1.2
1.2
1.2
1.2
1.2
1.2
1.2
1.15288
1.10261
1.06316
1.03309
1.01105
0.995737
0.986027
0.980945
0.979675
0.981439
0.985154
0.988317
0
0.05
1.2
1.19662
1.19511
1.17335
1.15538
1.17958
0.935499
1.2
1.2
1.02859
1.07878
1.10729
1.17271
1.16154
1.15782
1.17814
1.19424
1.16395
1.19853
1.18969
1.16285
1.15853
1.16762
1.2
1.19739
1.19619
1.2
1.19682
1.2
1.2
1.2
1.2
1.2
1.2
1.2
1.2
1.2
1.2
1.2
1.2
1.2
1.2
1.2
1.2
1.16243
1.10872
1.06645
1.0342
1.01056
0.994172
0.983816
0.978451
0.977195
0.979209
0.983322
0
0.05
0.1
1.2
1.2
1.19546
1.19314
1.1992
1.19968
1.2
1.19902
1.2
1.19997
1.2
1.2
1.2
1.19629
1.2
1.19958
1.2
1.19857
1.19993
1.19996
1.2
1.19917
1.2
1.19921
1.2
1.2
1.19864
1.19988
1.2
1.2
1.2
1.2
1.2
1.2
1.2
1.2
1.2
1.2
1.2
1.2
1.2
1.18458
1.14418
1.11022
1.08255
1.06029
1.04263
1.02886
1.01837
1.01062
1.00514
1.00157
0.999572
0.99885
0
0.0499946
0.1
0.15
1.2
1.17166
1.2
1.19993
0.73689
0.657712
1.06648
1.2
1.2
1.1994
1.19664
1.2
1.19998
1.2
1.2
1.2
1.2
1.19733
1.19982
1.2
1.19997
1.2
1.2
1.2
1.2
1.19896
1.2
1.2
1.2
1.2
1.2
1.2
1.2
1.2
1.2
1.2
1.2
1.2
1.2
1.2
1.2
1.2
1.19442
1.149
1.11104
1.0804
1.05604
1.03705
1.02262
1.01203
1.00466
0.999985
0.99756
0
0.0499902
0.0999846
0.15
0.2
0.814424
1.18666
1.2
1.2
0.761496
0.66481
1.19991
1.2
1.16255
1.18663
1.2
1.2
1.2
1.19264
1.19731
1.2
1.2
1.1963
1.1996
1.19784
1.19987
1.19917
1.19934
1.1983
1.19957
1.2
1.19653
1.2
1.2
1.2
1.2
1.2
1.2
1.2
1.2
1.2
1.18824
1.15153
1.12062
1.09522
1.07444
1.05752
1.04382
1.0328
1.024
1.01705
1.01162
1.00746
1.00434
1.00209
1.00056
0.999614
0.000149916
0.0499975
0.099996
0.149995
0.2
0.25
0.3
1.2
1.2
1.19426
0.668356
1.2
1.19069
1.2
1.2
1.2
1.19934
1.19997
1.2
1.2
1.2
1.19916
1.2
1.2
1.19983
1.19862
1.2
1.19831
1.19959
1.2
1.19976
1.2
1.19946
1.19465
1.2
1.2
1.2
1.2
1.2
1.2
1.2
1.2
1.2
1.2
1.18166
1.14323
1.1118
1.08647
1.06611
1.04983
1.03688
1.02666
1.01867
1.01252
1.00789
1.00449
1.00211
0.000674951
0.0503867
0.0999951
0.149994
0.199992
0.25
0.3
0.35
1.19019
1.2
1.2
1.06721
1.04856
1.16738
1.18954
1.08474
1.19759
1.19814
1.09088
1.19825
1.10836
1.19854
1.18555
1.12286
1.13531
1.19877
1.18748
1.2
1.2
1.2
1.18978
1.2
1.19991
1.19635
1.1921
1.2
1.2
1.2
1.2
1.2
1.2
1.2
1.2
1.2
1.2
1.2
1.2
1.2
1.2
1.18776
1.09394
1.01498
0.95293
0.907182
0.8761
0.857673
0.849863
0.0203495
0.0631531
0.0975873
0.140708
0.189846
0.239729
0.3
0.35
0.4
1.19338
1.19826
1.1946
1.18539
1.17644
1.19734
1.1556
1.19751
1.1987
1.09131
1.19979
1.1974
1.2
1.2
1.19462
1.17375
1.18511
1.17256
1.19856
1.1995
1.19881
1.2
1.19752
1.2
1.19977
1.19556
1.1961
1.2
1.2
1.2
1.2
1.2
1.2
1.2
1.2
1.2
1.2
1.2
1.2
1.2
1.2
1.2
1.2
1.2
1.2
1.2
1.19484
1.12469
0.0532337
0.0977964
0.121276
0.155932
0.199648
0.249607
0.299573
0.35
0.4
0.45
0.5
1.2
1.2
0.73881
1.2
1.19132
1.19901
1.2
1.2
1.2
1.2
1.19995
1.19978
1.2
1.19974
1.2
1.19999
1.2
1.19988
1.2
1.2
1.2
1.19997
1.2
1.2
1.19845
1.19955
1.2
1.2
1.2
1.2
1.2
1.2
1.2
1.2
1.2
1.2
1.2
1.2
1.2
1.2
1.18441
1.14005
1.10342
1.07395
1.05064
1.03257
0.0166173
0.0689018
0.110259
0.154528
0.201217
0.249865
0.299861
0.349861
0.4
0.45
0.5
0.55
1.00515
1.19894
1.18281
1.2
1.19346
1.07068
1.11824
1.1145
1.14488
1.1454
1.14672
1.15025
1.15568
1.16084
1.16505
1.16902
1.17091
1.17239
1.17378
1.15752
1.2
1.19144
1.18381
1.19725
1.19537
1.19811
1.2
1.2
1.2
1.2
1.2
1.2
1.2
1.2
1.2
1.2
1.2
1.2
1.2
1.2
1.2
1.2
1.2
1.2
1.2
0.950456
0.798745
0.556063
0.397017
0.308755
0.279087
0.29656
0.346295
0.396073
0.45
0.5
0.55
0.6
1.19705
1.16448
0.94638
1.19658
1.19683
1.19747
1.2
1.2
1.2
1.19899
1.2
1.19884
1.19873
1.15613
1.12768
1.13092
1.2
1.1872
1.2
1.19946
1.19979
1.2
1.19823
1.18996
1.19861
1.2
1.2
1.2
1.2
1.2
1.2
1.2
1.2
1.2
1.2
1.2
1.2
1.2
1.2
1.2
1.2
1.2
1.19777
1.13998
0.0852454
0.138211
0.15703
0.184321
0.218419
0.258011
0.302056
0.34964
0.399629
0.449623
0.5
0.55
0.6
0.65
0.7
0.577908
0.586182
0.666392
0.77202
0.772114
0.692162
0.615729
0.667784
0.718258
0.76936
0.811608
0.862808
0.925949
0.99881
1.08698
1.16194
1.2
1.19568
1.2
1.19838
1.19779
1.19718
1.2
1.1983
1.19509
1.2
1.2
1.1912
1.16965
1.14698
1.12513
1.10529
1.08765
1.0723
1.05908
1.04781
1.03827
1.03028
1.02363
1.01815
1.01367
1.01004
0.00480566
0.0567403
0.104649
0.153047
0.201856
0.251006
0.300441
0.350114
0.399979
0.449977
0.499976
0.55
0.6
0.65
0.7
0.75
0.802451
0.817302
0.849653
0.884487
0.915216
0.947238
0.995165
1.2
1.14594
1.17172
1.19865
1.2
1.1993
1.19818
1.2
1.2
1.2
1.2
1.19597
1.2
1.2
1.2
1.19915
1.19978
1.2
1.2
1.2
1.2
1.2
1.2
1.2
1.2
1.2
1.2
1.2
1.2
1.2
1.2
1.2
1.15794
1.12112
0.0610797
0.122658
0.152091
0.185971
0.223613
0.264408
0.307838
0.353469
0.400935
0.449891
0.499877
0.549861
0.6
0.65
0.7
0.75
0.8
0.507424
1.2
0.666753
0.692588
0.717928
0.743116
0.767964
0.793104
0.81881
0.845483
0.872913
0.900765
0.928681
0.959851
0.9896
1.02134
1.05019
1.2
1.2
1.19876
1.2
1.19988
1.19952
1.19952
1.19946
1.2
1.2
1.2
1.2
1.2
1.2
1.2
1.2
1.2
1.2
1.2
1.2
1.2
1.2
1.13582
0.677428
0.655915
0.532474
0.449694
0.399531
0.375291
0.371514
0.383915
0.409155
0.444638
0.488164
0.537153
0.586399
0.65
0.7
0.75
0.8
0.85
0.9
0.690007
0.715539
0.725419
0.755421
0.786066
0.80427
0.83174
0.886
0.911691
0.957143
1.00088
1.2
1.19214
1.19629
1.2
1.19696
1.2
1.19281
1.2
1.19985
1.19857
1.19908
1.19827
1.19879
1.2
1.2
1.2
1.2
1.2
1.2
1.2
1.2
1.2
1.2
1.2
1.2
1.2
1.2
0.439809
0.480891
0.424102
0.388257
0.370129
0.36691
0.37623
0.396001
0.424467
0.460158
0.50185
0.548406
0.598325
0.648288
0.7
0.75
0.8
0.85
0.9
0.95
0.940269
1.18846
1.2
1.2
1.2
1.19998
1.19998
1.19865
1.2
1.2
1.1982
1.2
1.2
1.19934
1.2
1.19716
1.19854
1.19674
1.19616
1.2
1.19989
1.19752
1.2
1.1992
1.2
1.2
1.2
1.2
1.2
1.2
1.2
1.2
1.2
1.2
1.2
1.2
1.2
0.150114
0.212142
0.222694
0.241351
0.266615
0.297276
0.332353
0.37106
0.412737
0.456847
0.502957
0.55071
0.599783
0.649761
0.699738
0.75
0.8
0.85
0.9
0.95
1
1.2
1.2
1.2
1.1995
1.2
1.17565
1.19941
1.19782
1.19895
1.19601
1.19932
1.17605
1.16941
1.16869
1.1997
1.17458
1.19447
1.19955
1.2
1.18912
1.2
1.19896
1.19864
1.19937
1.2
1.2
1.2
1.2
1.2
1.2
1.2
1.2
1.2
1.2
1.2
1.2
1.2
1.2
1.2
1.15524
0.953929
0.801699
0.691704
0.617259
0.572556
0.552499
0.552841
0.57007
0.601287
0.64383
0.694194
0.744629
0.8
0.85
0.9
0.95
1
1
0.880218
0.91592
0.948667
1.19892
1.2
1.19979
1.2
1.2
1.19986
1.19795
1.2
1.19837
1.18267
1.17985
1.17857
1.19607
1.19619
1.19173
1.19663
1.19953
1.2
1.18565
1.19916
1.19998
1.2
1.2
1.2
1.2
1.2
1.2
1.2
1.2
1.2
1.2
1.2
1.2
1.2
1.2
1.2
1.2
1.17733
0.982605
0.836826
0.733435
0.666053
0.628852
0.616817
0.625756
0.652155
0.692748
0.743167
0.793658
0.85
0.9
0.95
1
1
1
0.741315
0.760748
0.779364
0.797102
0.814985
0.833222
0.852722
0.87392
0.791811
1.2
1.19433
0.964168
0.994649
1.02304
1.07027
1.19922
1.19987
1.19966
1.19985
1.2
1.2
1.19892
1.19882
1.19921
1.2
1.2
1.2
1.2
1.2
1.2
1.2
1.2
1.2
1.2
1.2
1.2
1.2
1.19439
1.2
1.12524
1.14838
0.981556
0.83574
0.725083
0.650186
0.606854
0.590071
0.595261
0.618628
0.656814
0.705673
0.756394
0.9
0.95
1
1
1
1
0.755812
0.77761
0.800092
0.825147
0.852626
0.882181
0.914306
0.948932
0.985561
1.2
1.2
1.2
1.2
1.19992
1.19979
1.2
1.2
1.19823
1.2
1.19826
1.2
1.19991
1.1995
1.19883
1.2
1.2
1.2
1.2
1.2
1.2
1.2
1.2
1.2
0.346001
0.405691
0.379506
0.368117
0.36875
0.379148
0.397495
0.422332
0.452462
0.486915
0.524909
0.565813
0.609104
0.654354
0.701218
0.749413
0.798684
0.848702
0.898752
0.95
1
1
1
1
1
0.683242
0.749115
0.810875
0.836747
0.85003
0.879521
0.926684
0.971522
1.02889
1.19551
1.2
1.2
1.2
1.2
1.19908
1.18999
1.15463
1.17086
1.19584
1.2
1.2
1.2
1.2
1.1994
1.2
1.2
1.2
1.2
1.2
1.2
1.2
1.2
0.2885
0.363532
0.35583
0.356694
0.365228
0.38053
0.401728
0.428026
0.458711
0.493133
0.530727
0.571
0.613538
0.657976
0.704005
0.751366
0.79984
0.849225
0.899245
0.949283
1
1
1
1
1
1
1.19255
1.2
1.19992
1.2
1.03655
1.19618
1.2
1.19962
1.19988
1.19855
1.11116
1.11782
1.12756
1.13574
1.1977
1.19806
1.2
1.16344
1.19711
1.17005
1.18805
1.2
1.19984
1.2
1.2
1.2
1.2
1.2
1.2
1.2
1.2
1.2
1.2
1.2
1.2
1.2
1.2
1.2
1.19214
1.19146
1.07931
0.943121
0.836854
0.762032
0.715771
0.69394
0.692563
0.708233
0.738195
0.780026
0.83069
0.883593
1
1
1
1
1
1
0.784784
0.821798
0.857264
0.890824
0.923283
0.955907
0.994768
1.2
1.18605
1.19975
1.2
1.19989
1.19986
1.19994
1.2
1.2
1.2
1.2
1.2
1.19115
1.2
1.19608
1.1962
1.2
1.2
1.2
1.2
1.2
1.2
1.2
0.694822
0.749651
0.667388
0.607557
0.566693
0.541797
0.530278
0.529936
0.538911
0.55566
0.578898
0.607535
0.640665
0.677533
0.717521
0.7601
0.804832
0.851354
0.899359
0.948576
0.998635
0.998933
1
1
1
1
1
1
0.656346
0.673905
0.698029
0.723064
0.749321
0.786917
0.791825
0.840891
0.890951
0.921522
0.965021
1.0174
1.2
1.2
1.2
1.2
1.19952
1.19999
1.19507
1.19945
1.19995
1.19539
1.1992
1.19983
1.2
1.2
1.2
1.2
1.2
1.2
1.2
1.2
1.2
1.2
1.2
1.2
1.2
1.17367
1.05307
0.961086
0.894696
0.850563
0.825518
0.816704
0.821652
0.838164
0.864371
0.8987
0.939832
0.986533
0.989319
0.991667
1
1
1
1
1
1
0.706055
0.725234
0.745795
0.768105
0.79069
0.815532
0.844528
0.874834
0.905415
0.943066
0.981892
1.2
1.19945
1.19993
1.18496
1.19837
1.1996
1.19288
1.19918
1.19977
1.2
1.19801
1.2
1.19609
1.2
1.2
1.2
1.2
1.2
1.2
1.2
1.2
1.2
1.2
1.2
1.2
1.2
1.2
1.2
1.12844
1.02897
0.959181
0.914554
0.891019
0.885118
0.893851
0.914727
0.945691
0.985052
0.984438
0.987689
0.990416
1
1
1
1
1
1
0.578559
0.59705
0.620796
0.645681
0.67242
0.700555
0.729561
0.75911
0.789701
0.82199
0.857781
0.896953
0.93819
0.981342
1.2
1.1981
1.2
1.19864
1.19608
1.19795
1.19731
1.19796
1.19863
1.19986
1.2
1.2
1.2
1.2
1.2
1.2
1.2
1.2
1.2
1.2
1.2
1.2
1.2
1.2
1.2
1.2
1.11039
1.01882
0.954027
0.913403
0.893847
0.89225
0.905849
0.932284
0.933789
0.94114
0.95217
0.961772
1
1
1
1
1
1
0.631087
0.654111
0.676558
0.699003
0.722435
0.747294
0.774097
0.802636
0.832293
0.865948
0.903706
0.939299
0.979456
1.02189
1.2
1.19778
1.16802
1.1937
1.19914
1.2
1.18598
1.2
1.19984
1.19981
1.2
1.2
1.2
1.2
1.2
1.2
1.2
1.2
1.2
1.2
1.2
1.2
1.2
1.2
1.2
1.2
1.2
1.16443
1.05806
0.97996
0.929798
0.904939
0.902167
0.893674
0.896196
0.907569
0.92456
0.93946
1
1
1
1
1
1
0.794424
0.809359
0.835576
0.861239
0.883761
0.909934
0.933805
0.960255
0.987728
1.19918
1.19914
1.19972
1.2
1.19883
1.19923
1.2
1.19791
1.19871
1.2
1.19982
1.19846
1.19916
1.19931
1.19882
1.2
1.2
1.2
1.2
1.2
1.2
1.2
1.2
1.2
1.2
1.2
1.16669
1.07131
0.996578
0.941613
0.904531
0.88316
0.875344
0.879115
0.892767
0.914858
0.94416
0.943693
0.946113
0.950845
0.957339
0.964812
0.97142
1
1
1
1
1
1
0.861028
0.890987
0.917538
0.944755
0.969746
1.01116
1.05344
1.16565
1.10116
1.19935
1.19983
1.2
1.19995
1.2
1.19847
1.19988
1.2
1.19923
1.18851
1.17322
1.18198
1.18545
1.19426
1.19921
1.2
1.2
1.2
1.2
1.2
1.2
1.2
1.2
1.19627
1.16073
1.11958
1.11963
1.0962
1.07281
1.05599
0.985574
0.962895
0.991374
0.899428
0.519635
0.0629714
2.56801e-12
0.0142399
0.00352118
0.0299148
0
0.0968628
0.224035
1
1
1
1
1
1
0.733453
0.757808
0.794368
0.798661
0.839029
0.888253
0.913766
0.956537
0.997928
1.2
1.2
1.2
1.2
1.19947
1.2
1.2
1.19982
1.19932
1.19996
1.2
1.19937
1.19923
1.19997
1.2
1.2
1.2
1.2
1.2
1.2
1.2
1.2
1.2
1.2
1.2
1.2
1.2
1.2
1.15552
1.10285
1.06797
1.04861
1.04261
1.04805
1.06322
1.0392
1.0215
1.00904
1.00106
0.996823
0.99564
0.996542
0.997294
1
1
1
1
1
1
0.737859
0.770488
0.804858
0.838378
0.869051
0.901314
0.935258
0.969526
1.01125
1.2
1.2
1.19609
1.19984
1.2
1.19886
1.2
1.2
1.2
1.19931
1.2
1.19784
1.19948
1.2
1.2
1.2
1.2
1.2
1.2
1.2
1.2
1.2
1.2
1.2
1.2
1.2
1.2
1.2
1.1681
1.10919
1.06882
1.04497
1.03553
1.03851
1.0148
0.997688
0.98614
0.979219
0.976119
0.976159
0.978685
0.982778
0.986307
1
1
1
1
1
1
0.756623
0.778093
0.806157
0.833612
0.860464
0.888206
0.918179
0.94993
0.982977
1.2
1.19954
1.19987
1.2
1.19876
1.19712
1.19804
1.1997
1.19923
1.19903
1.19933
1.19817
1.2
1.2
1.2
1.2
1.2
1.2
1.2
1.2
1.2
1.2
1.2
1.2
1.2
1.2
1.2
1.2
1.2
1.16134
1.10915
1.07639
1.06051
1.0277
1.00339
0.986292
0.975194
0.969038
0.966922
0.968096
0.971849
0.977185
0.98179
1
1
1
1
1
1
0.929707
0.993989
1.2
1.2
1.2
1.2
1.19478
1.2
1.2
1.2
1.19969
1.19997
1.19899
1.19592
1.1999
1.19815
1.19752
1.2
1.19927
1.2
1.16545
1.18554
1.19853
1.19573
1.2
1.2
1.2
1.2
1.2
1.2
1.2
1.2
1.2
1.2
1.2
1.2
1.18877
1.14852
1.12622
1.11888
1.1236
1.08916
1.06241
1.04189
1.02647
1.01521
1.00734
1.00223
0.999393
0.998375
0.998592
0.998779
1
1
1
1
1
1
0.76698
0.79282
0.818526
0.844782
0.871855
0.899827
0.92962
0.960479
1.2
1.19921
1.19913
1.19949
1.2
1.19984
1.1999
1.2
1.2
1.2
1.19843
1.2
1.2
1.2
1.2
1.2
1.2
1.2
1.2
1.2
1.2
1.2
1.2
1.2
1.2
1.2
1.2
1.18151
1.12898
1.10077
1.09152
1.09677
1.06804
1.04639
1.03022
1.01832
1.00975
1.0038
0.999903
0.997638
0.996676
0.996732
0.997447
0.998035
1
1
1
1
1
1
0.837823
0.855735
0.871497
0.887658
0.906148
0.926066
0.947414
0.97004
0.994081
1.03679
1.19848
1.19997
1.19697
1.19932
1.19746
1.19905
1.2
1.15864
1.19271
1.1996
1.17742
1.2
1.1998
1.2
1.2
1.2
1.2
1.2
1.2
1.2
1.2
1.2
1.2
1.2
1.2
1.2
1.2
1.19831
1.13592
1.06446
0.993129
0.930022
0.879325
0.842433
0.81902
0.80784
0.807242
0.815528
0.831154
0.852518
0.877224
0.899495
1
1
1
1
1
1
1.2
1.2
1.19976
1.19823
1.2
1.2
1.19812
1.19992
1.19756
1.2
1.2
1.2
1.16673
1.17003
1.1748
1.17955
1.18416
1.18884
1.19049
1.19953
1.18683
1.18451
1.2
1.19689
1.2
1.2
1.2
1.2
1.2
1.2
1.2
1.2
1.2
1.2
1.2
1.2
1.2
1.2
1.2
1.2
1.2
1.15038
1.10492
1.0701
1.04399
1.02497
1.01171
1.00316
0.998446
0.996801
0.997235
0.997609
1
1
1
1
1
1
0.564027
0.920855
0.728182
0.748095
0.770038
0.791315
0.814886
0.84277
0.875925
0.913732
0.955217
0.997229
1.2
1.2
1.2
1.19758
1.2
1.2
1.2
1.2
1.2
1.19903
1.2
1.2
1.2
1.2
1.2
1.2
1.2
1.2
1.2
1.2
1.2
1.18181
1.15782
1.14616
1.1454
1.11151
1.08387
1.06156
1.04378
1.02978
1.01896
1.01076
1.00476
1.00055
0.997833
0.996327
0.995817
0.996096
0.996888
0.997559
1
1
1
1
1
1
0.620574
0.641749
0.661689
0.680853
0.700074
0.720198
0.742144
0.766263
0.792069
0.816024
0.846261
0.875066
0.904395
0.935824
0.960383
0.983868
1.02241
1.03567
1.19971
1.19875
1.2
1.2
1.19575
1.19851
1.2
1.2
1.2
1.2
1.2
1.2
1.2
1.19262
1.2
1.19772
1.199
1.1446
1.09577
1.03464
0.974903
0.924247
0.885417
0.858405
0.841876
0.834173
0.83364
0.838825
0.848447
0.86145
0.877019
0.894388
0.912453
0.928533
1
1
1
1
1
1
0.95512
1.2
1.14719
1.19953
1.2
1.2
1.2
1.19682
1.2
1.2
1.18895
1.2
1.2
1.2
1.15349
1.2
1.2
1.2
1.2
1.194
1.2
1.2
1.2
1.2
1.2
1.2
1.2
1.2
1.2
1.2
1.2
1.2
1.2
1.2
1.2
1.2
1.2
1.2
1.2
1.18885
1.14219
1.10399
1.07366
1.04997
1.0319
1.01853
1.00909
1.0029
0.999436
0.998169
0.998411
0.998621
1
1
1
1
1
1
0.75002
0.778854
0.800861
0.831908
0.867581
0.900237
0.93948
0.980278
1.2
1.2
1.19929
1.19778
1.1311
1.2
1.18491
1.19841
1.19694
1.17995
1.18893
1.19297
1.19068
1.19909
1.19863
1.19835
1.2
1.2
1.2
1.2
1.2
1.2
1.2
1.2
1.2
1.2
1.2
1.2
1.2
1.2
1.2
1.2
1.2
1.2
1.2
1.19299
1.12226
1.06893
1.03127
1.00685
0.993524
0.989276
0.991282
0.992966
1
1
1
1
1
1
1.19936
1.2
1.19898
1.1996
1.2
1.19856
1.2
1.19975
1.2
1.19864
1.19874
1.19035
1.18336
1.19199
1.18926
1.18193
1.2
1.17134
1.19208
1.1946
1.17079
1.19838
1.19499
1.1992
1.2
1.2
1.2
1.2
1.2
1.2
1.2
1.2
1.2
1.2
1.2
1.2
1.2
1.2
1.2
1.2
1.2
1.2
1.15834
1.10199
1.05947
1.0286
1.00746
0.994413
0.988082
0.987182
0.98993
0.992215
1
1
1
1
1
1
0.739336
0.762778
0.783963
0.805594
0.828907
0.854043
0.881112
0.909987
0.940626
0.985736
1.2
1.19239
1.18577
1.1998
1.2
1.18919
1.1975
1.19947
1.19683
1.19277
1.19589
1.19402
1.18736
1.2
1.2
1.2
1.2
1.2
1.2
1.2
1.2
1.2
1.2
1.2
1.2
1.2
1.2
1.18189
1.13006
1.08909
1.0575
1.03358
1.01587
1.00314
0.994397
0.988835
0.985803
0.984781
0.985361
0.987173
0.989726
0.991895
1
1
1
1
1
1
0.68347
0.722472
0.742637
0.764213
0.794914
0.833706
0.875603
0.915772
0.95451
1.00056
1.2
1.2
1.19261
1.19625
1.18641
1.19028
1.18362
1.2
1.2
1.2
1.19797
1.19083
1.2
1.2
1.2
1.2
1.2
1.2
1.2
1.2
1.2
1.2
1.2
1.2
1.2
1.2
1.1931
1.1514
1.11657
1.0883
1.06557
1.04741
1.03312
1.02205
1.01368
1.00753
1.00324
1.00049
0.999014
0.998582
0.998851
0.999073
1
1
1
1
1
1
0.497837
0.533017
0.564442
0.599845
0.634898
0.668638
0.705971
0.741567
0.780492
0.819232
0.859098
0.897616
0.940124
0.982205
1.02259
1.08422
1.15689
1.16196
1.18267
1.17048
1.18631
1.1992
1.2
1.19794
1.2
1.2
1.2
1.2
1.2
1.2
1.2
1.2
1.2
1.2
1.2
1.2
1.2
1.2
1.1474
1.12108
1.09442
1.06058
1.0007
1.04928
0.84577
0.0675252
0.0607892
9.05801e-14
0.00370847
0
0
0
1
1
1
1
1
1
0.785361
0.81035
0.833752
0.858329
0.803075
1.2
1.19041
0.950058
0.97581
1.00033
1.18468
1.11167
1.13528
1.1452
1.16983
1.18031
1.19994
1.16074
1.2
1.19667
1.2
1.18772
1.19986
1.19686
1.2
1.2
1.2
1.2
1.2
1.2
1.2
1.2
1.2
1.2
1.2
1.2
1.2
1.2
1.19672
1.16287
1.08075
1.00287
0.938069
0.889539
0.857175
0.839329
0.833836
0.838551
0.851581
0.871054
0.894252
0.914711
1
1
1
1
1
1
0.603183
0.635404
0.666767
0.698213
0.731439
0.767178
0.714195
1.1927
0.792326
1.19014
1.19908
1.18405
1.2
1.19825
1.19985
1.17919
1.1919
1.2
1.19472
1.19129
1.2
1.19471
1.19781
1.19958
1.2
1.2
1.2
1.2
1.2
1.2
1.2
1.2
1.2
1.2
1.2
1.2
1.2
1.2
1.2
1.2
1.19996
1.14649
1.04049
0.89253
0.747301
0.634458
0.564464
0.536936
0.547303
0.588944
0.651274
0.709301
1
1
1
1
1
1
0.671708
0.70773
0.753128
0.797211
0.841786
0.806263
1.2
1.2
1.2
1.19095
1.2
1.2
1.18694
1.2
1.2
1.2
1.2
1.2
1.2
1.19763
1.19526
1.2
1.19871
1.19708
1.2
1.2
1.2
1.2
1.2
1.2
1.2
1.2
1.2
1.2
1.19422
1.15674
1.12455
1.09778
1.07567
1.0576
1.04299
1.03131
1.02208
1.01491
1.00947
1.00545
1.00263
1.00078
0.999757
0.999388
0.99947
0.99954
1
1
1
1
1
1
1.19116
1.10039
1.10622
1.19735
1.19944
1.10123
1.19375
1.19782
1.19555
1.19477
1.19794
1.19558
1.16996
1.19562
1.19832
1.19904
1.18156
1.19627
1.1999
1.1984
1.19649
1.19897
1.19961
1.19954
1.2
1.2
1.2
1.2
1.2
1.2
1.2
1.2
1.2
1.2
1.2
1.2
1.2
1.2
1.2
1.2
1.2
1.2
1.2
1.2
1.18162
1.10306
1.04767
1.0118
0.992031
0.985206
0.987185
0.988894
1
1
1
1
1
1
0.698029
0.698246
0.71927
0.510693
1.19921
1.2
1.2
1.2
1.2
1.2
1.2
1.2
1.2
1.2
1.2
1.19894
1.2
1.2
1.2
1.2
1.19903
1.19969
1.2
1.2
1.2
1.2
1.2
1.2
1.2
1.2
1.2
1.17297
1.14105
1.11415
1.09171
1.0731
1.05776
1.04516
1.03486
1.0265
1.01976
1.01437
1.01013
1.00681
1.0043
1.00244
1.00114
1.00029
0.999827
0.999669
0.999721
0.999765
1
1
1
1
1
1
0.746163
0.784258
0.739967
1.2
1.2
1.18668
1.19779
1.2
1.19087
1.2
1.19736
1.19553
1.2
1.2
1.19284
1.19999
1.19997
1.2
1.19909
1.2
1.19799
1.19949
1.19915
1.2
1.2
1.2
1.2
1.2
1.2
1.2
1.2
1.2
1.2
1.2
1.2
1.2
1.2
1.2
1.2
1.16168
1.12026
1.08734
1.06151
1.04153
1.0264
1.01528
1.00747
1.00238
0.999529
0.998493
0.998693
0.998866
1
1
1
1
1
1
0.796956
0.742028
1.2
1.19844
1.19244
1.19246
1.19939
1.19104
1.19839
1.2
1.19459
1.19196
1.2
1.17819
1.19982
1.19708
1.19952
1.19987
1.19285
1.2
1.19723
1.19883
1.19957
1.19923
1.2
1.2
1.2
1.2
1.2
1.2
1.2
1.2
1.2
1.2
1.2
1.2
1.2
1.2
1.2
1.2
1.18361
1.13427
1.09479
1.06405
1.04067
1.02342
1.01125
1.00332
0.998891
0.997304
0.997661
0.99797
1
1
1
1
1
1
0.754105
1.19923
0.903911
1.18966
1.19846
1.2
1.18167
1.2
1.17407
1.19718
1.19939
1.19656
1.19868
1.18627
1.19844
1.19823
1.19649
1.1982
1.19882
1.19947
1.19847
1.19894
1.19949
1.19864
1.2
1.2
1.2
1.2
1.2
1.2
1.2
1.2
1.2
1.2
1.2
1.2
1.17633
1.11941
1.07044
1.03007
0.998098
0.973868
0.956457
0.944914
0.938316
0.935814
0.936637
0.940122
0.945725
0.952924
0.960977
0.96814
1
1
1
1
1
1
0.837394
0.865029
0.893445
0.926219
1.14906
1.19245
1.2
1.08773
1.2
1.19925
1.15354
1.19728
1.19446
1.19966
1.18579
1.19971
1.19925
1.19598
1.18896
1.2
1.19743
1.19953
1.19952
1.1997
1.2
1.2
1.2
1.2
1.2
1.2
1.2
1.2
1.2
1.2
1.2
1.2
1.2
1.2
1.2
1.2
1.2
1.2
1.2
1.12913
1.07115
1.02921
1.00085
0.983817
0.976197
0.976148
0.981126
0.985303
1
1
1
1
1
1.2
0.781837
1.2
1.19986
0.95039
1.13466
1.19999
1.2
1.19485
1.1918
1.19424
1.19841
1.2
1.18609
1.13703
1.14989
1.14355
1.15142
1.1657
1.188
1.19741
1.19736
1.19906
1.19536
1.2
1.2
1.2
1.2
1.2
1.2
1.2
1.2
1.2
1.2
1.2
1.2
1.2
1.2
1.2
1.2
1.2
1.2
1.18012
1.12212
1.07884
1.04731
1.02503
1.01
1.00068
0.995906
0.994681
0.995797
0.99671
1
1
1
1
0.863122
1.19757
0.937614
0.969099
1.00961
1.17556
1.19464
1.18335
1.155
1.16176
1.13719
1.17691
1.14556
1.14781
1.1498
1.16299
1.17855
1.19788
1.18493
1.19018
1.19963
1.18664
1.19283
1.19237
1.19157
1.19945
1.2
1.2
1.2
1.2
1.2
1.2
1.2
1.2
1.2
1.2
1.2
1.2
1.2
1.2
1.2
1.2
1.2
1.2
1.2
1.2
1.2
1.10274
0.989078
0.915786
0.881629
0.881508
0.905041
0.925269
1
1
1
1.2
1.2
1.05979
1.09433
0.912449
1.15068
1.2
1.00401
1.2
1.19858
1.19961
1.2
1.2
1.19907
1.19818
1.19805
1.19456
1.2
1.2
1.2
1.2
1.2
1.19955
1.19459
1.2
1.197
1.19975
1.2
1.2
1.2
1.2
1.2
1.2
1.2
1.2
1.2
1.2
1.2
1.19823
1.13612
1.0794
1.03057
0.99129
0.961421
0.940061
0.925962
0.917904
0.914765
0.915569
0.91947
0.92577
0.933917
0.943395
0.953458
0.962311
1
1
1
0
0
0
0
0
0
0
0
0
0
0
0
0
0
0
0
0
0
0
0
0
0
0
0
0
0
0
0
0
0
0
0
0
0
0
0
0
0
0
0
0
0
0
0
0
0
0
0
0
0
0
0
0
0
0
0
