AD-RICE
		α0		α1			α2		β1		β2		β3 
USA 	0 		0.00102 	4.77 	270 	0.43 	0.62
CHINA 	0 		0.00001 	2.80 	4500 	0.55 	0.61
JAPAN 	0 		0.00001 	2.44 	310 	0.31 	0.67
EUROPE 	0 		0.0038 		1.65 	450 	0.34 	1.08
INDIA 	0 		0.0139 		1.55 	100 	0.54 	0.87
MI 		0 		0.0074 		1.88 	850 	0.55 	1.07
LMI 	0 		0.0052 		1.21 	532 	0.51 	0.99
AFRICA 	0 		0.0787 		1.21 	40 		0.39 	0.87
LI 		0 		0.0096 		1.51 	525 	0.52 	1.1
GLOBAL 	0.003 	0.0007 		3.62 	90 		0.49 	0.8



AD-WITCH
	USA		WEURO	EEURO	KOSAU	CAJAZ	TE		MENA	SSA		SASIA	CHINA	EASIA	LACA
μ2	0.8		0.8		0.8		0.8		0.8		0.8		0.7		0.7		0.7		0.7		0.7		0.7
ϕ2 	0.1		0.1		0.3		0.4		0.1		0.1		0.1		0.1		0.01	0.01	0.1		0.01
β1	6		0.9		70		30		40		8		13		8		1		10		7		5
β2	0.5		0.5		0.5		0.5		0.1		0.1		0.5		0.6		0.6		0.85	0.6		0.6
β3	1		1		1		1		1		1		1		1		1		1		1		1