//NFE=1001
//ElapsedTime=17.601807000000001
//SBX=0.14285714285714285
//DE=0.14285714285714285
//PCX=0.14285714285714285
//SPX=0.2857142857142857
//UNDX=0.14285714285714285
//UM=0.14285714285714285
//Improvements=14
//Restarts=0
//PopulationSize=100
//ArchiveSize=1
0.63993691690369447 0.43733163736307301 0.35217109037840694 0.5940789338400182 0.74659053423821209 0.55470203964578346 0.69875410704161234 0.67883685184205356 0.34502226926230772 0.5176629621332639 0.16968313511363559 0.84756189915045155 0.36870604280387265 0.60957764631383304 0.35961034987243445 0.81435896213199843 0.54692445925984445 0.56599905400133055 0.92592714116135 0.42595593184391417 0.46775085810325395 0.70300521164491103 0.59837244025170666 0.65704528267881535 0.40758092711743249 0.83098959770060565 0.77592588415482955 0.93990284217976072 0.56797927044655394 0.60613630459691192 0.73875352192493715 0.59152771615051181 0.76919784767990207 0.57601967932843479 0.46986885290914898 0.28068893270346013 0.60516266934758267 0.26515432611866369 0.29342042678876856 0.63811067258721799 0.51726897471660294 0.6352690987044346 0.54894963972946109 0.62213030577052797 0.40969515735378143 0.17940782123934462 0.13204033532411422 0.62225698994032275 0.7072909019976471 0.69525555898382563 0.58883113581837598 0.79019012702045544 0.53500505619877758 0.6037284815726004 0.021195943694623118 0.28246373850944223 0.53934595563755217 0.25326564022380843 0.70681281515169347 0.55112836207887295 0.35910197770037117 0.56964251382923359 0.66344852307772062 0.44897762948422676 0.68534092861367812 0.57969786718822758 0.67866324675953438 0.33994826708900699 0.5091661350297455 0.56596840690258465 0.15493221806137433 0.45362828233177316 0.77131811145540774 0.441333305061407 1.1439132440993508e-06
#
//NFE=2001
//ElapsedTime=30.705234000000001
//SBX=0.14285714285714285
//DE=0.14285714285714285
//PCX=0.14285714285714285
//SPX=0.2857142857142857
//UNDX=0.14285714285714285
//UM=0.14285714285714285
//Improvements=31
//Restarts=0
//PopulationSize=100
//ArchiveSize=1
0.52266893721097818 0.42976730325860324 0.32053480401376433 0.58002073744829874 1 0 0.93706455122512378 0.43796594210222278 0.35782649330380439 0.60510532269674311 0.0058623939721052353 0.9678013810402929 0.43790524114047269 0.92914657176253401 0.1225480203108857 0.75811619062203817 0.63653906617118405 0.51410819274127673 0.094975024762278842 0.58955315352401338 0.50965404642062306 0.8384085202876369 1 0.52591860817367619 0.43447455157097842 0.73747380773463711 0.68662158356719494 1 0.29679188431434023 0.84338442799504298 0.63422713443092316 0.79445164405105584 0.98808544310367563 0.65044536942667575 0.44336120837623932 0.340662314364368 0.83592112828969922 0.70550829540917592 0.33756382133694207 0.75451082366783462 0.40950064256229124 0.53905333530960309 0.97273104439305214 0.6086244780869402 0.3777633072912866 0 0.45983789951685422 0.4638937311977665 0.76003927964940121 0.78204009967750099 0.58750011094567944 0.88051223391835753 0.49201365852265477 0.92791128249279942 0.10961911819001798 0.060765147926416622 0.50594676766114843 0.26851837740712192 0.83161823922242994 0.74209235274481933 0.12570926439135802 0.53875716329931944 0.36344990069653654 0.78930080485457554 0.46405877729887074 0.69850792967981512 0.7113775143055947 0.61026016705712161 0.74694400577574449 0.81209259343305107 0.26082368377456699 0.34354619618343918 0.64707933038828391 0.57286125589538217 1.1397871629017749e-06
#
//NFE=3002
//ElapsedTime=44.048316
//SBX=0.14285714285714285
//DE=0.14285714285714285
//PCX=0.2857142857142857
//SPX=0.14285714285714285
//UNDX=0.14285714285714285
//UM=0.14285714285714285
//Improvements=36
//Restarts=1
//PopulationSize=100
//ArchiveSize=1
0.46491668649795603 0.48429540275386457 0.28428290084665098 0.58617843577714979 0.66963847479365479 0.15374414752657778 0.62630105714431306 0.3238213704950122 0.32210777696290144 0.58010036879055427 0.013702238990194862 0.6593550581646781 0.41974807330950181 0.93091620210361592 0.31889062542379903 0.75135739211513175 0.80063378954219855 0.45047082451603049 0.11889976063063604 0.47010733716334541 0.47269791682012585 0.83909538826425978 0.99254885548037397 0.53102766210587937 0.38299294437032094 0.83829070000550288 0.65218839100159698 0.99192059455844517 0.27781130235379548 0.63963122097785285 0.55120453099970435 0.62220601536078024 0.97884881132601342 0.75713477933686801 0.45167032835557053 0.25578655520312854 0.89985972240917167 0.78704765744854299 0.75980116559408273 0.64618072457860398 0.36394820795819577 0.6869687541455336 0.5772522949226423 0.70724973079004483 0.32015875340965122 0.017210646133975119 0.45033394221144085 0.47079335195509692 0.92902476935971978 0.53851098646763662 0.6830743706604322 0.74534132495220451 0.634083928030865 0.77746939094129419 0.10958558291624454 0.1955514326765978 0.46548289610851507 0.29775954067103527 0.90916958628932087 0.66424503073920893 0.23730356881823908 0.51451435002063961 0.53403479332350945 0.88762212838311705 0.39291351143071013 0.62481524190593907 0.70902479090581227 0.73228412655260899 0.95111103886134063 0.69698057125862445 0.25545308838200464 0.35615192256932787 0.84603263913478788 0.64739192627583719 1.1388047917937882e-06
#
//NFE=4002
//ElapsedTime=56.821444
//SBX=0.14285714285714285
//DE=0.14285714285714285
//PCX=0.14285714285714285
//SPX=0.2857142857142857
//UNDX=0.14285714285714285
//UM=0.14285714285714285
//Improvements=45
//Restarts=1
//PopulationSize=100
//ArchiveSize=1
0.37817211172773102 0.53680426951744575 0.96161111017397793 0.36387400249932594 0.88140188815462672 0.07545543968130955 0.68782725772880571 0.27957973370232275 0.24807011461664308 0.62501386708810969 0.03791650996663868 0.23227249457909691 0.42294446415220915 0.98975280206928851 0.12009725011327235 0.72489712409645191 0.84099545859874747 0.60003656198391486 0.15209891103100703 0.44123046089372769 0.48128743860051898 0.86240732634466355 0.99093969076468735 0.36286239249328567 0.23665787429763535 0.89722844199533835 0.56251324210195697 0.97761543822428065 0.15281451979107546 0.67036552375999703 0.56119115617166271 0.62717267855945569 0.92134187603810114 0.67766995924023754 0.45215022752658673 0.36494932763148324 0.9608958013164578 0.96431037452888269 0.87628844442810228 0.66701986974891181 0.41731458284669337 0.36425702246405506 0.52926132156041095 0.7424246280526503 0.57847476300613021 0.058460798133739333 0.35628436116680795 0.39061965893066247 0.88286006276304219 0.65383308648132898 0.58222483394223512 0.82368310814237222 0.46781883388667111 0.75852493748285243 0.24031197481830222 0.33649282892791299 0.39545993706460647 0.25008381151486625 0.83273952914618266 0.67575609446459373 0.32291819458232718 0.46281340355241307 0.45689515731349967 0.95389098531118166 0.27313004337785041 0.72566361770358534 0.59801551434966549 0.38011447867793491 0.88000426300087764 0.75217714327483576 0.31452700497716807 0.39263676981274448 0.93402465668479884 0.71317997462165461 1.1375291537743921e-06
#
//NFE=5002
//ElapsedTime=69.683851000000004
//SBX=0.14285714285714285
//DE=0.2857142857142857
//PCX=0.14285714285714285
//SPX=0.14285714285714285
//UNDX=0.14285714285714285
//UM=0.14285714285714285
//Improvements=51
//Restarts=2
//PopulationSize=100
//ArchiveSize=1
0.31969989024090684 0.47142419497446009 0.46109051558129932 0.4602463049042671 0.91622945612232676 0.12248896235624263 0.23122178432342175 0.61264592752771907 0.13141125410252094 0.72460297688549979 0.15322173610059278 0.51447606324909756 0.46581019857641387 0.91244522035532638 0.94226348254617254 0.82483678222761381 0.81673357764398125 0.6635290454450754 0.67437683418745764 0.50825786582091337 0.44278991252841343 0.80998065519597884 0.99977096474618066 0.4340415855339137 0.3124531261267765 0.87126442375555035 0.55378911682000787 0.96646336907478481 0.23751986373056724 0.88678407267097326 0.50497432259212671 0.49774152607746208 0.92722501227581267 0.63258485702047185 0.47793765567825841 0.40216508229611536 0.96598259114026952 0.68801523056473135 0.77202463161398205 0.60557418346377256 0.43663285464944018 0.36217799207595053 0.38731287342553544 0.74778256390996989 0.3495501141555663 0.25108045604163448 0.39016301084128119 0.38891260626075363 0.88312975383740888 0.66685053136853789 0.61846467714995135 0.83967801568618117 0.3916260931679969 0.76724177840075125 0.24578164622871732 0.38048865793594577 0.38999915288912118 0.22350750722524274 0.85599398655998005 0.66680935205598635 0.34131421055735134 0.35175424440743491 0.50149090132153362 0.927386241245855 0.35262265015272493 0.90140208227049423 0.65719436194619141 0.71924510119712037 0.99185886921965249 0.67525800380026701 0.33757669692495174 0.50774153602147964 0.91642943379055319 0.56195409205410174 1.1369292347007874e-06
#
//NFE=6002
//ElapsedTime=81.818308999999999
//SBX=0.14285714285714285
//DE=0.14285714285714285
//PCX=0.14285714285714285
//SPX=0.2857142857142857
//UNDX=0.14285714285714285
//UM=0.14285714285714285
//Improvements=53
//Restarts=5
//PopulationSize=100
//ArchiveSize=1
0.30912890165223939 0.63418426080635726 0.45071535954894615 0.43176963336995428 0.90441866077840749 0.089491118550926382 0.20717084555332882 0.63729045070780477 0.28151381023562144 0.72520349061076583 0.31549481509030436 0.78718996233728256 0.47016089438146302 0.90326942461795279 0.90195789478932653 0.88918958066245302 0.82099318698774504 0.66832002305580207 0.91468192379963509 0.46443769013542435 0.43816862976160259 0.78350048711705855 1 0.45163414758541431 0.32901789253216224 0.87540884367054506 0.55130502031585771 0.82489467082193468 0.2283907655304846 0.93568473625896942 0.47379042139452193 0.47871221513805207 0.94917990784628681 0.59985252850778159 0.48106184290669951 0.41000275989238932 0.96817649796159355 0.092519977703229728 0.76804179727531718 0.62933018292514331 0.40814761870008848 0.36088137395799719 0.40462116543020588 0.74491522702268353 0.34537802369853027 0.2687820169957561 0.10325551448146203 0.77647799783769944 0.68205543367240007 1 0.62832372043082185 0.85077363272448392 0.5240621122752408 0.78625485439922227 0.29627436475644758 0.37986843418176919 0.39422837057914817 0.23082889386808489 0.86330487216234597 0.67220646131689998 0.31645970921235267 0.48887644621784621 0.5165681541408631 0.92440173069108 0.35132754313258957 0.91495401435688783 0.68112661591100088 0.78377022436756383 0.99976967035747077 0.69039154371488642 0.31468076599273159 0.53476665066064766 0.91972716301169644 0.60741192397291954 1.136712414883441e-06
#
//NFE=7003
//ElapsedTime=94.377331999999996
//SBX=0.14285714285714285
//DE=0.14285714285714285
//PCX=0.14285714285714285
//SPX=0.2857142857142857
//UNDX=0.14285714285714285
//UM=0.14285714285714285
//Improvements=55
//Restarts=8
//PopulationSize=100
//ArchiveSize=1
0.31380347797228092 0.51461011554134928 0.43118635234863573 0.46583947284289356 0.89036511317649258 0.083359135806546997 0.2144280689994702 0.64397744564310067 0.24077494184924522 0.82520591164185308 0.30862107377680575 0.93965181376005957 0.47018302771884968 0.88395269854400593 0.91056013864666774 0.90661280877906081 0.81492633264723835 0.70403659262609364 0.89966710296391483 0.46375848014414645 0.44331127799357606 0.74994920015487465 0.98478177714318693 0.46467735799987031 0.50579456632910558 0.86865578578568581 0.55838724855788624 0.84169329567487527 0.23736739147326727 0.78995342823057779 0.4733595617375469 0.55206991435155917 0.93089719526880532 0.60385192339524463 0.48714501257173465 0.38430894156573858 0.95883330144657308 0.025794076396838519 0.95897219809414114 0.62986016495524233 0.42369073719489847 0.38808446235882982 0.28347847622394284 0.74076375328381394 0.31805021320604326 0.24014211659774853 0.10269864852075217 0.52336077978428563 0.56821091222940867 1 0.65656563542355839 0.83185214656889972 0.52189699675880963 0.85334572284295518 0.34425956042795647 0.49743067171434657 0.38376290963061316 0.21742877196661289 0.84367114175083024 0.71406397465480353 0.2996067343777582 0.48617427494300769 0.51670758206511258 0.92044286188446933 0.35482030345067489 0.92140454215314815 0.6575266587729286 0.78995455348071153 0.98859424358190007 0.82514840700000935 0.32701782733388174 0.80069965425232481 0.92368199285033803 0.56485927610853071 1.1365493196148529e-06
#
//NFE=8004
//ElapsedTime=108.61047600000001
//SBX=0.14285714285714285
//DE=0.14285714285714285
//PCX=0.14285714285714285
//SPX=0.14285714285714285
//UNDX=0.2857142857142857
//UM=0.14285714285714285
//Improvements=56
//Restarts=12
//PopulationSize=100
//ArchiveSize=1
0.30705331607948833 0.54743396003474076 0.42957462670967012 0.4593019543612018 0.88103167969721174 0.078677193264986345 0.21458582866623677 0.64322795469834748 0.22066254808110178 0.8338076985894507 0.31729651245657109 0.94024877829453024 0.55659067951923236 0.8610671965357003 0.9174756932899214 0.90057648255715095 0.81195277930831689 0.71023799211035765 0.95545566981574126 0.447369914199368 0.43127597148528052 0.7305740783927942 0.98097976391041086 0.47437592626957525 0.55815394771242377 0.86890124395637636 0.56513917148403248 0.85135466980037489 0.28552105256114679 0.95890347738207937 0.50458557650295355 0.54660860688154911 0.94506604409428918 0.60897624978534071 0.49574719231688236 0.35728054881792809 0.97061787428410118 0.018992555427456696 0.96495230834623646 0.63507031064984898 0.42846930400191552 0.386315071265249 0.2746357698535829 0.73213505350985497 0.31293656088169564 0.19572685574723014 0.13616422779264073 0.83664674502417968 0.55804032526100322 0.96114581686880718 0.66235279998697516 0.89179931951030145 0.52155455052623634 0.84755394093948344 0.37207197709290124 0.54096286429826868 0.37297668281879359 0.21098854269277531 0.83482874590556144 0.71710700232499236 0.30467296673182587 0.60593856353315134 0.50980355564852275 0.92020881317147651 0.35667371362928002 0.91100472914605646 0.68989363074939869 0.78342606787414659 0.98531582429930953 0.84724196805080032 0.33717497091963938 0.94556596594526576 0.97440972535954973 0.56745994112672538 1.1364525440604615e-06
#
//NFE=9102
//ElapsedTime=125.916341
//SBX=0.14285714285714285
//DE=0.14285714285714285
//PCX=0.14285714285714285
//SPX=0.2857142857142857
//UNDX=0.14285714285714285
//UM=0.14285714285714285
//Improvements=57
//Restarts=15
//PopulationSize=100
//ArchiveSize=1
0.29339005417655523 0.51807761430096433 0.42707335232990346 0.46873144727256588 0.87568687936282463 0.0762286329084918 0.21852824867605111 0.7513706816247131 0.21562096648925791 0.80298709344993824 0.32300154826303201 0.89833314172848533 0.71666631692924343 0.85377152767145315 0.91494581994205404 0.9104903175329444 0.75392068247077637 0.71006165181107284 0.95120177620154511 0.44337431038974784 0.4392584348279725 0.72834838336939212 0.97752880103175932 0.45845597524318005 0.52931965338118181 0.87491179282262166 0.56385696324808898 0.83220175843961275 0.22742028054275532 0.96685938285295303 0.49751620237124283 0.49595970602146344 0.96968924654874078 0.59178179919171714 0.49833692377003602 0.35788209009971433 0.97531858728148424 0.010682112595684436 0.96895023314074924 0.63503845355956012 0.37826998490024927 0.49067475029515911 0.42993890519379396 0.99137031176921031 0.31367182809478061 0.25221126918097486 0.12475682727145987 0.78365182325483329 0.58679244804214625 0.82683749184992728 0.6613484160595986 0.90671619460343167 0.52397832252773102 0.7644143448606886 0.5338387338460312 0.57918639610716705 0.37247671693409645 0.21074527002393931 0.8347110727426591 0.70993532489407052 0.31784728432955389 0.60625357972491223 0.51378002370322207 0.92933578958896046 0.34735220955112689 0.92986996925147869 0.68318680196561599 0.56728303142992853 0.98543384646766441 0.84548901690991962 0.28933566597898785 0.86859981456506064 0.96850494731320891 0.53885573998597847 1.1363415276967193e-06
#
//NFE=10102
//ElapsedTime=137.88503299999999
//SBX=0.14285714285714285
//DE=0.14285714285714285
//PCX=0.14285714285714285
//SPX=0.2857142857142857
//UNDX=0.14285714285714285
//UM=0.14285714285714285
//Improvements=58
//Restarts=18
//PopulationSize=100
//ArchiveSize=1
0.26113127246504897 0.58653849374490896 0.42145315638643321 0.46237315838511989 0.87586637214375618 0.074101943100961312 0.23508756974284989 0.93119105040418726 0.20648206618147996 0.74720468993178646 0.32055741486249645 0.75253465192570967 0.75420109477244057 0.8208380069703235 0.93971634615761424 0.96746435824403276 0.76109618389256872 0.72196898668226617 0.98890918564339825 0.30584844388209981 0.43477593448703444 0.71125557054310384 0.97160008342588344 0.44674496673007658 0.52041671089606456 0.63353960437654622 0.56024933840630275 0.89802850424881919 0.22654534545199084 0.97325797497142497 0.48949099239970018 0.4959784839049951 0.94634067868819105 0.59327040132210407 0.50088565243408789 0.34107197806973949 0.96451535787266351 0.0033832322356456552 0.92502246052480086 0.57441376492427432 0.56834155779770124 0.61515211395816771 0.44691822151483296 0.95544301125268893 0.32226409285975988 0.27787534207652781 0.097865843409189038 0.83044146246892148 0.57778483562926186 0.76889212494426751 0.63574387670788302 0.91591352896633604 0.40915506319817169 0.78969517972710679 0.78964641183836037 0.357220308462873 0.36987070813833756 0.2205660315092558 0.8147665954517419 0.71243236852641256 0.28013002901312284 0.65211156153458583 0.51510776052152552 0.93687765796038269 0.3559185046717912 0.93529675184322403 0.69483155185970835 0.62706595556274836 0.99548949143645216 0.96224830697353403 0.28326087622529933 0.84158154204657221 0.97869524965762278 0.52007498817650943 1.1362322411838197e-06
#
//NFE=11102
//ElapsedTime=149.62393499999999
//SBX=0.14285714285714285
//DE=0.14285714285714285
//PCX=0.2857142857142857
//SPX=0.14285714285714285
//UNDX=0.14285714285714285
//UM=0.14285714285714285
//Improvements=59
//Restarts=21
//PopulationSize=100
//ArchiveSize=1
0.26182405479154874 0.58496568490251932 0.41659602493100339 0.46170273005305296 0.87222054310048802 0.073168275397674107 0.24223802065563604 0.93470206028707203 0.20337030936193229 0.72419892770535244 0.31736586342770445 0.99916189489634988 0.75585769428235916 0.89293074375761372 0.94158811542862364 0.96426300762741457 0.77605463734202718 0.76623030684876292 0.99257861519977708 0.18310930643225515 0.44545594634023611 0.70853404221200011 0.98017528528486353 0.44423110784765868 0.52399900949418365 0.63642829079090102 0.5301281660422329 0.85923989928775468 0.17441927513067454 0.9004639208211539 0.48938569638123203 0.49952248085536044 0.90847446128373455 0.59533596322801463 0.5014757620332021 0.35798251582277657 0.96779129638015338 0.00030364395176777048 0.91305203757471987 0.56477134744829405 0.56598583267651559 0.73140109575084533 0.26561411662623613 0.96531195746423837 0.3295103267446286 0.28472370176220485 0.082085579216681623 0.82626098744270615 0.51177015983541529 0.87106103874659968 0.69924849826384028 0.8901102218986745 0.41056211248374608 0.79125349876589579 0.80761865457244719 0.38167140444005909 0.37103819581568531 0.21680469041527844 0.81157676350553398 0.60972716467394539 0.27862322570565989 0.65913764772058459 0.50831722165695725 0.92860756902830377 0.32561280770087569 0.91148802405613338 0.70529590434814593 0.80597849022736268 0.99521230759413004 0.96010031676250596 0.20800339660848988 0.83999928402820556 0.98129045099420453 0.56952749921993417 1.1361809915215163e-06
#
//NFE=12103
//ElapsedTime=161.360116
//SBX=0.2857142857142857
//DE=0.14285714285714285
//PCX=0.14285714285714285
//SPX=0.14285714285714285
//UNDX=0.14285714285714285
//UM=0.14285714285714285
//Improvements=59
//Restarts=24
//PopulationSize=100
//ArchiveSize=1
0.2610291714084364 0.56764809844543507 0.4130833776373215 0.4577213901226036 0.87074138150587066 0.071493642304960248 0.24298668038954813 0.93509814784712031 0.20330402907647058 0.72634596934922957 0.31449854053470966 1 0.63877725578904521 0.89395173270834605 0.94377093112236499 0.96419571632879919 0.77481313079588643 0.76249354374707135 0.99761190528230492 0.1763394613053792 0.44520521859355361 0.66879601186811832 0.98293762344187052 0.43627999673528378 0.52383768664587893 0.64497532353666165 0.5395257917844658 0.85769639371009332 0.172990042972088 0.88363642191030933 0.49929494413834263 0.49593330102264765 0.90967047481458041 0.58761156826417704 0.49883614604688653 0.35699270370533348 0.96683656428073939 0.025179645537708118 0.91251626369151939 0.56137193639244598 0.55887200283885097 0.72948664177621758 0.27156478425844766 0.96498860457681079 0.32759978297867204 0.2854697099005975 0.077086387748311197 0.80675453574880884 0.51048792066763404 0.86535698416497042 0.69912783535379597 0.8921334481768407 0.40684352339660507 0.79347189662212236 0.81745124549640391 0.10238498242161818 0.36899587923048205 0.21633797812206057 0.8138562543541259 0.61534330806808324 0.27875300258843821 0.64086029792757304 0.49757348350797337 0.92958092470823528 0.32543109314513691 0.90810312664939163 0.69631647591282375 0.838634067612956 0.99582042690343975 0.95780388987615217 0.20710934478998116 0.79576289090229269 0.98074364642006451 0.57965292659222434 1.13616474154137e-06
#
//NFE=13195
//ElapsedTime=174.66397799999999
//SBX=0.14285714285714285
//DE=0.14285714285714285
//PCX=0.14285714285714285
//SPX=0.2857142857142857
//UNDX=0.14285714285714285
//UM=0.14285714285714285
//Improvements=59
//Restarts=28
//PopulationSize=100
//ArchiveSize=1
0.24832545646870721 0.56677745234042687 0.41925164088636602 0.46026579391989281 0.8687794361372978 0.070767393387272559 0.23423486217455525 0.7080587307545626 0.2050390768624954 0.73275223445484894 0.2859267520908077 0.99628885384945809 0.62643771943118998 0.68620411811540927 0.9985754866872778 0.9996618771441812 0.7681576332843213 0.75916523071766073 0.9869627597761067 0.18423018510670053 0.45022488439914665 0.63973966536586035 0.99278212144837763 0.43216770931010379 0.10530085332727672 0.6431241797450592 0.56237265075457021 0.85913211957932689 0.19671520210421387 0.91848122104266261 0.5002504913557575 0.48743078847597737 0.90631991871349338 0.59222353872176969 0.49715425241168437 0.36487377699436041 0.97381718399612827 0.10969690977414902 0.91614226685491873 0.55974939811562308 0.58021421986882094 0.75192722997820094 0.32169875340249482 0.97137337008747027 0.32941222235876716 0.28074422966235119 0.095142526807063851 0.79327029611241573 0.50835478352117103 0.85656682018459496 0.69808531521723682 0.88990331825823821 0.41094161875687629 0.7843704795053037 0.8179077331894915 0.093542073863993047 0.36184640479263014 0.21744634948811722 0.81091673428953936 0.62084341741852722 0.26575504522046911 0.74999263838445507 0.49215224707757466 0.92696261197078322 0.29860196126679606 0.74711255915677133 0.70487944268940583 0.96368661470081118 0.99953826895203213 0.95034658074030853 0.21311912283393467 0.69116726503463244 0.98235635315460801 0.5775439066284993 1.1361187571138488e-06
#
//NFE=14293
//ElapsedTime=187.904943
//SBX=0.14285714285714285
//DE=0.14285714285714285
//PCX=0.14285714285714285
//SPX=0.14285714285714285
//UNDX=0.2857142857142857
//UM=0.14285714285714285
//Improvements=60
//Restarts=31
//PopulationSize=100
//ArchiveSize=1
0.24105546691088287 0.5960102298429294 0.41623877880265775 0.46220050846692146 0.86821108225972476 0.067117191041515131 0.27658488723045399 0.68763728706541394 0.18866459560219456 0.70716480389163439 0.28944428295665275 0.93052908334194895 0.61513814188681659 0.97336813457574145 0.9996815579211441 0.99914599200634913 0.76762821575412221 0.77558675388375109 0.98954267977309995 0.19647126037036464 0.45132291922237955 0.63813522262628219 0.99931312458637156 0.43413393854402466 0.089261144783289156 0.63155391502553104 0.56195166657879891 0.85863608425221893 0.1830655681416884 0.6753911407839952 0.50387444470929899 0.48970319146138291 0.90220066020463152 0.59792161084954432 0.49805050847368226 0.35949385523000127 0.97477507824124321 0.53640782845588586 0.91290584985597589 0.55993717996383197 0.58290474955530536 0.76237745032312421 0.32507989999328091 0.95397807298521287 0.33149734037270118 0.28556884865198351 0.092719869238485908 0.91795825194939795 0.50951656673738688 0.85579235115874686 0.74041897810644663 0.87845966299866263 0.52913516854342568 0.84156556506083768 0.81801547994406953 0.096174490662781623 0.36041081470523606 0.21871411092269269 0.81691114572214707 0.61836829508838731 0.33590465518808232 0.61011225377129974 0.46216236995909116 0.94406684406458319 0.29793431951863764 0.6429473741494961 0.69848417152049513 0.95231070136608431 1 0.96466021961237092 0.19329886596054938 0.68937679666148066 0.99088764581613575 0.58003081385566357 1.1360857763935238e-06
#
//NFE=15293
//ElapsedTime=200.84271899999999
//SBX=0.16666666666666666
//DE=0.16666666666666666
//PCX=0.16666666666666666
//SPX=0.16666666666666666
//UNDX=0.16666666666666666
//UM=0.16666666666666666
//Improvements=60
//Restarts=34
//PopulationSize=100
//ArchiveSize=1
0.22728533178596055 0.60150178643146623 0.40323232633752853 0.4579278144488701 0.86658491090145673 0.065330915397216902 0.25371247525124707 0.68766032655280085 0.19627409037682517 0.67147035379586184 0.29464137633950649 0.73707430320841894 0.60708424369113123 0.96973631250134051 0.99821129472170822 0.99817805297416273 0.77005234656810873 0.7817333754920659 0.98592180851839162 0.2232131313336562 0.42272501559009712 0.63672017686440863 0.99588933949998393 0.43983027868203584 0.089561052044881281 0.62747668168363802 0.5616502646557866 0.83862247128747935 0.18723418004363307 0.62243164355959724 0.50065696050325637 0.49299907212406552 0.91288113750976863 0.60786328994557859 0.49867108425311063 0.35127456982814281 0.98661095359712525 0.54986503314685942 0.91779513612052233 0.55704455496195371 0.58616145365986727 0.75979812472370722 0.3179945057791736 0.95024161657116823 0.24483426420284382 0.28296154033378784 0.099311898115817462 0.91964766000129372 0.49858712309699504 0.82927172137256866 0.74745127987036719 0.87151512265782671 0.53772398478414518 0.83915492501237099 0.83188799460875607 0.090852750393179929 0.35957552678034799 0.2212225920983818 0.81401007630172928 0.60810902259806099 0.34913434106460395 0.6000316521361263 0.46934820578711145 0.91235376887380026 0.29685908398897382 0.40592197032541938 0.69028757380881134 0.97160028900054785 0.99926097977859063 0.96237419230654853 0.1877280495435466 0.7113822286248862 0.98968084885087859 0.72323538784104191 1.1360611595298357e-06
#
//NFE=16391
//ElapsedTime=213.75998000000001
//SBX=0.14285714285714285
//DE=0.14285714285714285
//PCX=0.14285714285714285
//SPX=0.14285714285714285
//UNDX=0.14285714285714285
//UM=0.2857142857142857
//Improvements=60
//Restarts=38
//PopulationSize=100
//ArchiveSize=1
0.21727047690610651 0.67413617754499 0.37980928720490559 0.45644889692617957 0.86582204806131546 0.068738059814962088 0.26168875970411642 0.69520627777743882 0.19718084598769817 0.6264095906392626 0.29034149198871839 0.4764243495828529 0.62899670250842088 0.3507442638163325 0.99911304545994273 0.98982770051833213 0.76528833556909936 0.78613800337912598 0.9773567331000248 0.22385070950543368 0.42148444321141787 0.63933347971654253 0.99747779014054283 0.43990825884654988 0.070601702664864596 0.61400362339920345 0.55562880725658348 0.83597915181406468 0.18171497473148826 0.25129395670779336 0.49408245410476392 0.79477085156612037 0.9109755095004991 0.63054956307616328 0.49657941693189572 0.34607506445895458 0.98729550218874029 0 0.92409467681923818 0.55910580236678087 0.56162389724208173 0.756359496236369 0.32200196733640574 0.9425387548374512 0.24484858939826398 0.28267337855737928 0.10758120740692077 0.97290010638290225 0.51532286397642091 0.4885674596859686 0.75339310139585958 0.85872316449345665 0.53311697934366853 0.82364451356092361 0.83927657973352465 0.082343891357022914 0.35145503483201296 0.21546859674738436 0.8129027285603857 0.60501847598312886 0.34216126673359465 0.58197328747602051 0.4178044945974379 0.88750774410728084 0.29005419902879165 0.36266798497544583 0.69102116098162081 0.9708463253683165 0.99733423341912519 0.96007485120256231 0.1849280031344922 0.70282855349742868 0.99141504621610221 0.72924375689211007 1.1360205834710948e-06
#
//NFE=17391
//ElapsedTime=225.616794
//SBX=0.14285714285714285
//DE=0.14285714285714285
//PCX=0.2857142857142857
//SPX=0.14285714285714285
//UNDX=0.14285714285714285
//UM=0.14285714285714285
//Improvements=60
//Restarts=41
//PopulationSize=100
//ArchiveSize=1
0.21727992742110064 0.68409251849304775 0.37881485830088951 0.45645883243687335 0.86588174605357726 0.068018102090372179 0.26137722267399849 0.6545874107662748 0.19763052204161477 0.54876669350877383 0.29177954178689741 0.58180168977130298 0.62352691211640465 0.35063734391328732 1 0.9988219544850212 0.76533617123336939 0.7860581846440402 0.97781383568005042 0.22266409445297944 0.42448809107291974 0.63933610441689193 0.99747651817124061 0.43998023281805304 0.070585790543744573 0.61398505877024068 0.55561755086332421 0.83595469716298332 0.18164276726288134 0.23722115741839259 0.46973501350043362 0.79480184001878385 0.90881579132307255 0.62837057157391607 0.496684187635415 0.34639009962669809 0.98726935453870357 7.733694440097781e-05 0.92405235157926957 0.55461539095975199 0.56157474062870327 0.83156250383686203 0.31652814861634132 0.94183204265888198 0.24489492499938423 0.26700629811589538 0.11085574767449778 0.97264370359266572 0.48917876878293393 0.71735477414255899 0.75318270040238655 0.85842037923173642 0.53287039877461306 0.78514937187201517 0.83929180479342858 0.081078818107586118 0.3514664076967518 0.21548180805557757 0.81284414034305175 0.60527652649527841 0.34210511810137306 0.5821074540450154 0.40192684120527972 0.93454384731790152 0.29013282888261605 1 0.69092560107744194 0.97082493118976321 0.99768396500707535 0.96014863134997441 0.18494365698656864 0.70282180932662486 0.99792791016235871 0.76181698042623114 1.1360075592411757e-06
#
//NFE=18391
//ElapsedTime=237.361739
//SBX=0.14285714285714285
//DE=0.14285714285714285
//PCX=0.14285714285714285
//SPX=0.14285714285714285
//UNDX=0.2857142857142857
//UM=0.14285714285714285
//Improvements=61
//Restarts=44
//PopulationSize=100
//ArchiveSize=1
0.21475907948777068 0.68796848409716249 0.37737857772987154 0.4555647203811618 0.86693219377911745 0.069004445892692362 0.25935656088968939 0.60768921840185242 0.19888988893005474 0.69777096634453728 0.29372194989240963 0.59210982491694053 0.62484650186790081 0.36324857462642107 0.99882132090267384 0.97092450099895888 0.76516437586533759 0.78616353914852011 0.97664305680844854 0.24199942360284887 0.42777643701284407 0.63842797571189147 0.9970244287097777 0.44100942654218872 0.072428799491324136 0.60312981280089129 0.49795436200724214 0.82379736557262395 0.18025428923892292 0.19925749842883639 0.45008436484655601 0.78128957080891703 0.90714716747873259 0.62761050250231609 0.49870378946280558 0.34551136006951155 0.98560711791824795 0.071940152709322844 0.92381630894934352 0.55781785831447739 0.56190356121993146 0.81906405451698838 0.31747359553735061 0.93680937895988503 0.24041156083420565 0.2455998662978747 0.11200595146184694 0.9092906333358014 0.50784119998762223 0.72300467990326045 0.75073833817273661 0.86550015581752637 0.52531877314816511 0.78835463780662607 0.86888767049355753 0.08295421942331431 0.35000548005188348 0.21363329176199591 0.81022687627436774 0.60579821011242163 0.33748557867082746 0.56873178748366926 0.40603576864242596 0.93755274273036082 0.2981258427534384 0.50857582751337782 0.6910054701649343 0.93323191167533615 1 0.96599875030680526 0.15825821773190396 0.67159906417359583 0.99687302856521254 0.76073703972543849 1.1359995268500657e-06
#
//NFE=19391
//ElapsedTime=249.37231
//SBX=0.16666666666666666
//DE=0.16666666666666666
//PCX=0.16666666666666666
//SPX=0.16666666666666666
//UNDX=0.16666666666666666
//UM=0.16666666666666666
//Improvements=61
//Restarts=47
//PopulationSize=100
//ArchiveSize=1
0.21508698927748551 0.56340746794691321 0.37277000420691231 0.46011926245608326 0.86378392900324863 0.066431079034768026 0.25555389400071149 0.6041337589017719 0.2022938318870125 0.71360149987342669 0.29722157361898738 0.65711810855657682 0.62432029843110237 0.36477695703409974 0.99829143937029197 0.95671412486166818 0.76813216960344355 0.78387656541147144 0.9842943930933834 0.2458913817841461 0.42763291390804015 0.63494692824166077 0.99723740360787627 0.4405924904087487 0.06904829597572025 0.69337755978326132 0.50277941328932663 0.82501991429935484 0.17889302713285177 0.19861863585288134 0.44289832484565106 0.76504574763498889 0.90748792204868833 0.58570213581615449 0.50454884996082783 0.35044477349516606 0.98502597914467516 0.090373281651950826 0.91757171251876302 0.55834913414686893 0.55632826777429434 0.8641513411331575 0.32131807175070548 0.92303417386505626 0.23989543757707027 0.24827599256097041 0.096788053144553757 0.95762586903043501 0.45636759139782457 0.72742796271121324 0.74580138067657475 0.80589752611742871 0.52614023015340827 0.79202740982515185 0.85830257651378083 0.39697315906626862 0.34219898472379495 0.21227064542186413 0.80941892405218197 0.61143854904724892 0.33343116632067343 0.59232110000516347 0.40772566614472588 0.93489565404732322 0.30010398684005779 0.44995830348493632 0.69388295400373345 0.93073227006257164 0.99704787118249028 0.96643070994401514 0.13008786044445317 0.67392085351510533 0.99980931517065308 0.75731635834940225 1.1359893782771244e-06
#
//NFE=20482
//ElapsedTime=263.50865199999998
//SBX=0.2857142857142857
//DE=0.14285714285714285
//PCX=0.14285714285714285
//SPX=0.14285714285714285
//UNDX=0.14285714285714285
//UM=0.14285714285714285
//Improvements=61
//Restarts=51
//PopulationSize=100
//ArchiveSize=1
0.21268414945430816 0.62481473400835286 0.37419679230773273 0.4590102664416611 0.86498981863815461 0.066254845412980795 0.27737953524993136 0.79013768989711508 0.20531937488127955 0.63958087339235725 0.29896714799316593 0.99661714984962468 0.62271791205650284 0.40059862877256203 1 0.95857790252259878 0.76688100058041886 0.78528134461833221 0.98335897241292292 0.25116374711637973 0.4272759934666514 0.63938692169825406 0.99999984708915313 0.44231132051842925 0.068098950789024754 0.64549863677908037 0.49961203489508882 0.82541285773672302 0.17863444068882328 0.22286457389576 0.42448923471981326 0.76457038075528827 0.90552926857258154 0.56267923259289743 0.50721564646283779 0.349512587593863 0.98535355484531584 0.082967296985196518 0.91650607320070676 0.55560057993042111 0.55793060730565469 0.81085640182017571 0.26157980570845063 0.86371889625634335 0.24072316690381496 0.24668371152762092 0.096274475858745837 0.95297834587136832 0.50480819377499564 0.74056011421884993 0.74530428231068568 0.80798524184666154 0.53428558947060989 0.6613396414698427 0.88951876078818815 0.044816918542818739 0.34120921039824686 0.21053693731113482 0.81033260924969785 0.60480706004667362 0.33863096276825139 0.92033244178638152 0.16704422126879509 0.22980714562575569 0.29655621053340253 0.45460579128635331 0.6945667655455906 0.96406230300505891 0.99872230046304966 0.9758253419295313 0.13149792873889624 0.68687072950370176 1 0.10545855506916031 1.1359510977934985e-06
#
//NFE=21482
//ElapsedTime=276.24601000000001
//SBX=0.16666666666666666
//DE=0.16666666666666666
//PCX=0.16666666666666666
//SPX=0.16666666666666666
//UNDX=0.16666666666666666
//UM=0.16666666666666666
//Improvements=61
//Restarts=54
//PopulationSize=100
//ArchiveSize=1
0.21273544163579708 0.099092242780103451 0.37254276985727974 0.45908267537749936 0.8649860824053448 0.067147605339142755 0.27740093110515324 0.79013905134316886 0.14446635389185483 0.63496643574177836 0.30893899481431408 0.99535560560130976 0.62270566987859299 0.38797410500814511 1 0.95856634458143408 0.76688017989616009 0.79713605834921086 0.98336624287737251 0.11683989286066551 0.42735970600886475 0.63657802127316854 1 0.44229302122034941 0.068093531043032299 0.64544226931743642 0.49977794502109624 0.82546404636956883 0.17864157832305219 0.19722757196338736 0.42449212019345106 0.76462104421890842 0.90204355903526034 0.5645396082665417 0.50718500123579768 0.34927808535423088 0.99609967567259883 0.091811779254698994 0.91274984396441194 0.55399777554368501 0.61387955404933436 0.80884075710664105 0.13638647075766525 0.94709387661037558 0.23844070812704271 0.2468812072794431 0.096865472405872288 0.99548172701547755 0.50388663188617044 0.97882068449781834 0.7441792423410355 0.8079266600983831 0.54626121533727012 0.66036179930600514 0.98585883762880822 0.54923141001862208 0.34121225892627871 0.21055990722598264 0.81031818657790322 0.57336937014625988 0.33861543874952643 0.58194467116763593 0.1670772992627825 0.22983162584037228 0.29730337320171196 0.94562419202121384 0.69460553314441997 0.96458381963371043 0.98760273619835448 0.95036250062236016 0.13148599154865803 0.68718623144686719 1 0.76985192866636087 1.1359316138090084e-06
#
//NFE=22578
//ElapsedTime=289.656994
//SBX=0.2857142857142857
//DE=0.14285714285714285
//PCX=0.14285714285714285
//SPX=0.14285714285714285
//UNDX=0.14285714285714285
//UM=0.14285714285714285
//Improvements=61
//Restarts=58
//PopulationSize=100
//ArchiveSize=1
0.21270162351953387 0.098244478701184218 0.37251021263205386 0.45900521108336645 0.8649673333793525 0.067188897528905972 0.2725190143719044 0.79016138064123043 0.14433391818629943 0.63886701543153157 0.30840635897948909 0.99771315848571085 0.62262158636011922 0.3668514847479738 0.99998467436738503 0.95863368092923196 0.756488754430793 0.81302177168386269 0.98439136396566129 0.10456030976488589 0.42730716313213285 0.63664728518455438 0.99995916987917244 0.44232158337700633 0.06805759378285077 0.66264045130689164 0.49913825900080033 0.83183359032518733 0.17847265528816433 0.26589567141013332 0.42271269491152424 0.59230424447850927 0.90386396852644779 0.5545295769846923 0.50747664260331571 0.31706855742743734 0.99598276282651288 0.090901811508554434 0.91280943338020182 0.55400083082431795 0.6151374527738922 0.80878421097446507 0.26352651742712718 0.8637351918054631 0.24072541656088697 0.24661607880115016 0.096417827740944484 0.95445520290044494 0.49375901721345117 0.97098235647830622 0.74422876050996301 0.80718923508339413 0.54654284086730653 0.66207876559987722 0.9663922809346418 0.18941372741253268 0.34102572537158599 0.21056328033241944 0.80991419889520244 0.57356490759900369 0.33396579910560509 0.60929210432178837 0.16723203239741005 0.24953353100633155 0.29727020566597401 0.94953755956998476 0.69476027502726223 0.96423126890833855 0.98814753614962902 0.9460874409538097 0.13126217644016114 0.68720171778947081 0.99999670427593212 0.76978504813044102 1.1359193642148232e-06
#
//NFE=23579
//ElapsedTime=302.20467600000001
//SBX=0.14285714285714285
//DE=0.14285714285714285
//PCX=0.14285714285714285
//SPX=0.2857142857142857
//UNDX=0.14285714285714285
//UM=0.14285714285714285
//Improvements=61
//Restarts=61
//PopulationSize=100
//ArchiveSize=1
0.21267393088272846 0.12127614309489219 0.37246640720816332 0.45905450584538326 0.86493890322755207 0.067173604448604776 0.27282917508978566 0.84490182922335855 0.14336657158451668 0.43569081695772177 0.26227234527621729 0.99903703422301982 0.6226188656973588 0.36688577280981788 1 0.9574188850213895 0.75641774171660836 0.81298377923474074 0.98432199332779313 0.1034929837818673 0.42734937928034678 0.63666789443496496 0.99998001121300983 0.44226193347261644 0.067832133599477332 0.66313990751210028 0.49487021664973069 0.83183288064595984 0.17847491471217047 0.26683447120213849 0.42265757030093487 0.59120909763994201 0.90390761763644811 0.55189232753414663 0.50819498250433293 0.31706311170777529 0.99953416355120639 0.38893950925882431 0.91282920657678945 0.55400444993806452 0.61517523444305133 0.80874577376555679 0.19599346422974448 0.86282882256161852 0.24072654901977411 0.24660119706615494 0.096244997861428025 0.97744257175792315 0.4938379338572349 0.97164553253088015 0.78324062132209971 0.81097285327836843 0.54650532544914221 0.66252195583449047 0.96640260414212753 0.19102965008652872 0.34097262041001875 0.21055443099265567 0.80875509508256349 0.53688551352157443 0.31763371742352309 0.6296722004894505 0.16721228147692888 0.2498496914187153 0.29727840483295559 0.94977255965604601 0.69507235761653152 0.95949210671039409 0.98811990392196536 0.97069427622700333 0.13001253147725478 0.69858564880991492 0.99999645833668116 0.77042462701728931 1.1359130398429633e-06
#
//NFE=24672
//ElapsedTime=316.52236499999998
//SBX=0.16666666666666666
//DE=0.16666666666666666
//PCX=0.16666666666666666
//SPX=0.16666666666666666
//UNDX=0.16666666666666666
//UM=0.16666666666666666
//Improvements=61
//Restarts=65
//PopulationSize=100
//ArchiveSize=1
0.21251405983831551 0.15559014742363564 0.37252966562989648 0.45978146770789347 0.86442786551999939 0.065814266108053507 0.27579050600299965 0.83988339475489615 0.14333731802212149 0.44240542975444003 0.26081142313658767 0.98976829915516074 0.62326470850989935 0.36633339640901741 1 0.95755699755528256 0.75568686890565728 0.81384951362441782 0.99758583475467111 0.11136555018711539 0.42664860812141631 0.63459580855432196 1 0.44219553516876769 0.062648031511149449 0.66125127980302478 0.49523525185514594 0.83239236814732476 0.17694386248254731 0.25937407895434822 0.42262484402679673 0.58597570467157234 0.90504145289648885 0.52586558608164324 0.50846965698498614 0.31625489306335319 1 0.40582236982949882 0.91091161091921691 0.55057438098072975 0.61917793269585297 0.81701290875848098 0.19381225490142781 0.67631197618668126 0.23764022540250079 0.24835707396277742 0.096573681421517288 0.97990751911034668 0.4975013477140186 0.98021900641760518 0.77828554988567522 0.81048572873734848 0.54679993895131185 0.66147002468112959 0.96670618175935474 0.19385229104401894 0.34034946722562226 0.21078618467547799 0.80905314070978285 0.53663821710108783 0.31674611749996112 0.56022794022230149 0.16784582566868075 0.24969157630601446 0.2972159180805431 0.95132747013565755 0.69279062209565068 0.90165078713795443 0.99999027165854693 0.98674472709766503 0.14000194383403747 0.75797213969911204 1 0.76809556542422419 1.1359056783458129e-06
#
//NFE=25672
//ElapsedTime=330.6585
//SBX=0.2857142857142857
//DE=0.14285714285714285
//PCX=0.14285714285714285
//SPX=0.14285714285714285
//UNDX=0.14285714285714285
//UM=0.14285714285714285
//Improvements=62
//Restarts=68
//PopulationSize=100
//ArchiveSize=1
0.2096685984390429 0.15123018236279226 0.37047537917400619 0.46139822914876871 0.86379241295488018 0.06572321437739026 0.27596978750594553 0.82650122246873248 0.17409095730960625 0.44200080476637038 0.26181745539862988 0.62418549561568926 0.6232418549456753 0.37004760453072244 0.99964914646517777 0.96413911907099636 0.75470589681236511 0.81960965111961992 0.99842933722897176 0.11173714570781404 0.42862044360183049 0.63434579712980088 0.99820672987807568 0.44174733287265971 0.06280999428658969 0.7336680057304138 0.47993133475416516 0.83266499725771814 0.17657520730166201 0.24110591798164419 0.42278227673670277 0.58093510960423134 0.9039751181319069 0.51488704377673034 0.51380057141037061 0.31640604258750971 0.99747906697300182 0.41798612481205316 0.9100891948493508 0.5487017242033706 0.61853999666468473 0.80987182474494135 0.19497876386809587 0.97456311856325428 0.23683492752390861 0.25406376120190044 0.095322467097407326 0.97859593621878938 0.49464202936637136 1 0.77978694033679197 0.81174400367392696 0.54490317148004896 0.66141962109853003 0.96589732052917932 0.19331843091903492 0.3397631857581207 0.21121246794686604 0.80861284774006725 0.53396459445451383 0.31552266179801575 0.55889797384586726 0.16734373887001674 0.24877806870910765 0.29719291939805831 0.94949301138207465 0.67230940345999346 0.78434158148283639 0.99813858180070369 0.98558540050545695 0.14195258033917868 0.75750569492845299 0.99946121059520021 0.73336671614595439 1.1358962123590869e-06
#
//NFE=26673
//ElapsedTime=341.74575800000002
//SBX=0.2857142857142857
//DE=0.14285714285714285
//PCX=0.14285714285714285
//SPX=0.14285714285714285
//UNDX=0.14285714285714285
//UM=0.14285714285714285
//Improvements=62
//Restarts=71
//PopulationSize=100
//ArchiveSize=1
0.20965554503851785 0.15121804201851141 0.37046781259194245 0.46139187550861543 0.86380486735301665 0.065729667423592486 0.27591615043228063 0.82652594823874614 0.17392505488941939 0.44204300009169606 0.26178709596624006 0.61157636009426242 0.6232440067803271 0.37005613985749897 0.99999455159219286 0.9642869397900371 0.75471935394599854 0.83255029324413188 0.99842629741865851 0.1117369520041521 0.42861575343941127 0.6343184729509096 0.99822761926281567 0.44172894373775035 0.062810343874297431 0.73653517633651322 0.47968526031557079 0.83252108478937659 0.17656326138866218 0.24110689080483069 0.42278117907657137 0.55381232699682292 0.90395799059884885 0.51489152065067456 0.51378330248768223 0.31637601660579939 0.99748226217188907 0.41894479459938105 0.91009399703185467 0.54870167414463944 0.61855602938821719 0.80988338567099494 0.19492170281807392 0.97457235937020203 0.23672099748862441 0.25404416420006998 0.095263858838093143 0.97868295452029597 0.49467205805500708 1 0.77980128575194674 0.81203375849672543 0.54490510259933489 0.66143038449734981 0.96588501497115209 0.19331422195416298 0.33975327341778944 0.21119907385602604 0.8086228935373464 0.53390274287788964 0.31550741748604177 0.53496027727838591 0.1673380253503095 0.24876209878554995 0.29717523574916743 0.94947464251985203 0.67230993853590604 0.80535005418331185 0.99813132007768368 0.99993699971132111 0.1419536790244719 0.75752068182520504 0.99947899786372785 0.70558755375997206 1.1358944207820637e-06
#
//NFE=27673
//ElapsedTime=354.04672799999997
//SBX=0.2857142857142857
//DE=0.14285714285714285
//PCX=0.14285714285714285
//SPX=0.14285714285714285
//UNDX=0.14285714285714285
//UM=0.14285714285714285
//Improvements=62
//Restarts=74
//PopulationSize=100
//ArchiveSize=1
0.20598754142984671 0.17298106936876945 0.36508101253379488 0.46375624989831071 0.86316922754561876 0.06471737018867818 0.27750070633460716 0.82788027045538348 0.17547368100688779 0.43205810939024003 0.26091282860144566 0.61413813550925267 0.62170589166769974 0.36935319268522043 1 0.96612728306531614 0.72919419585016731 0.83033009942121616 0.99669649683312456 0.6284357615013787 0.42882569980382351 0.62204843267770737 1 0.43990087956722751 0.056282346023625439 0.74209747204655485 0.47967672121786409 0.89551590514058732 0.17355974368008653 0.24284449501532179 0.42317659366915622 0.55405805165354227 0.90123845897553945 0.51171958450398303 0.51410148343926654 0.31652959149510118 0.99720921324202672 0.43321192623508759 0.90741853905670011 0.54868671115750389 0.60799913493086977 0.85397793508808673 0.19697330592660942 0.97843526841277018 0.23796702487001839 0.24752664413531358 0.078407487250057875 0.97570130828002521 0.49619376055919101 1 0.77851834634910655 0.81155528635975616 0.54332121076858364 0.69053847980316307 0.96490555745209794 0.19743173429412156 0.33684006580889636 0.2081731344040017 0.80470323403187927 0.53455457354466307 0.31661417449013046 0.64687521035516349 0.16130874600950038 0.24873681182688689 0.30069115549078657 0.98569427216297012 0.66983158579441315 0.7904077440742574 0.99657205904487101 1 0.14250146323115928 0.75161079148901477 0.99801848030733742 0.71741185200259461 1.1358821732425229e-06
#
//NFE=28766
//ElapsedTime=367.43177200000002
//SBX=0.14285714285714285
//DE=0.14285714285714285
//PCX=0.2857142857142857
//SPX=0.14285714285714285
//UNDX=0.14285714285714285
//UM=0.14285714285714285
//Improvements=62
//Restarts=78
//PopulationSize=100
//ArchiveSize=1
0.20909730505727325 0.14588950316096619 0.3668839001485068 0.46536104643050119 0.86195102822136427 0.063400742659223963 0.27973910753451664 0.4469067258135635 0.17640453279546733 0.43002829490001193 0.26129485889902843 0.6117949968579095 0.62296858974039304 0.37341394717202275 0.99976635610470055 0.96258223609471016 0.72004516360028636 0.83496490047213867 0.999999534332499 0.64664466346029992 0.43280449627714923 0.62368526082293407 0.9886512407298762 0.42171973152772363 0.030904798850977341 0.74215198014514672 0.47367911703737431 0.89717185308651282 0.17496023446117323 0.24618114023449755 0.41978665141110622 0.55672928063692284 0.90275128541843142 0.49980048315687353 0.52044230479603282 0.31591021527771218 0.99999778860895594 0.43536036658568178 0.90278468618097429 0.55459160225508541 0.61102610141504565 0.85683213563627403 0.19853960001267346 0.97543739442548549 0.23057490557308363 0.24199024481532236 0.1981465210247205 0.99599100058754386 0.49567206487397841 1 0.77818791478790206 0.80842304461494341 0.5426518395231209 0.69042639011614959 0.96932621508169881 0.17550033788657296 0.33408963673630743 0.20457446886045852 0.79868667148093275 0.52987914251365531 0.31990974376496717 0.64671599406463975 0.1614664043835557 0.23684856950379615 0.29691602552378632 0.98270314772491096 0.67180833559789066 0.70733893625158484 0.99648655038042544 0.98021007501759472 0.14434161802787249 0.7574537408803057 0.99464304367437362 0.71653680828284938 1.1358728301103725e-06
#
//NFE=29767
//ElapsedTime=379.96641699999998
//SBX=0.14285714285714285
//DE=0.14285714285714285
//PCX=0.14285714285714285
//SPX=0.2857142857142857
//UNDX=0.14285714285714285
//UM=0.14285714285714285
//Improvements=62
//Restarts=81
//PopulationSize=100
//ArchiveSize=1
0.20788147758310599 0.10881619981839766 0.36551755227700927 0.46243724005151254 0.86162420819668017 0.06526958728273545 0.28273701286485453 0.43927700702113326 0.18340947954575712 0.34677490064543809 0.26050770850490523 0.65488221984358796 0.64522250336841991 0.39535113597418131 0.99862887888834206 0.96609506350887875 0.71327728533934431 0.84601754529079209 0.99738919207884025 0.64964882143040914 0.42607610646673966 0.62484751771347968 0.98105878510201039 0.42087091786118563 0.033986764255140876 0.7508253115171396 0.48443497089898085 0.90536584277498655 0.17758800079636425 0.23715134733773657 0.41427846673896496 0.57106639862749053 0.89376789652710475 0.50588924813841185 0.52644257920236637 0.31256765867378483 1 0.4337308802392702 0.89792899389995795 0.55038394604977303 0.61260774951700103 0.85589092501575925 0.19902713580147582 0.96987325970061466 0.23088263517533059 0.23474450235094355 0.19506043880523311 0.9902061232348911 0.49375000755554938 0.99718590212172253 0.80113772031958486 0.80896295027149934 0.5423740655914695 0.68878697975120695 0.9701998057924156 0.18245291727703511 0.33145449789604009 0.20113446231951501 0.79961238290628223 0.53241392710847835 0.31299604699899169 0.62056964174512452 0.15915251354057383 0.23986299087902085 0.30244454969625778 0.98236019269896035 0.66681216581300906 0.72252637973020872 0.99773796806175641 0.97679843574551772 0.14357759388234986 0.7569994396072135 0.99600925146566344 0.72511211405591947 1.1358599693085537e-06
#
//NFE=30864
//ElapsedTime=393.64264700000001
//SBX=0.14285714285714285
//DE=0.14285714285714285
//PCX=0.2857142857142857
//SPX=0.14285714285714285
//UNDX=0.14285714285714285
//UM=0.14285714285714285
//Improvements=62
//Restarts=85
//PopulationSize=100
//ArchiveSize=1
0.20379934487587262 0.4795406811072454 0.36573992846259434 0.46698175964775379 0.86202011953351454 0.063984798595330128 0.28325272593125062 0.4252561205081879 0.1837379459049433 0.31866509349450706 0.26409649515239303 0.81222057495871736 0.64339215439651054 0.39984680302437553 0.98384554649855205 0.96574406633354393 0.7107151004339638 0.84749364303739205 0.9942230595562751 0.21335946567830813 0.41613314721645228 0.62316510352848775 0.98178580469122012 0.41866025704163068 0.025427133923275384 0.75002339177987121 0.48488631879350386 0.90658485885733409 0.16998490857108117 0.23771718675948689 0.41220006203632825 0.55889711053508062 0.89136684176545333 0.5046313475452453 0.52453207199628926 0.31037817716637361 0.99652941526400929 0.52749562401458905 0.89510464689696523 0.55138485728614872 0.6001808250997438 0.85690143756161052 0.1990889843229707 0.95728072766809635 0.22972624781904097 0.23534455890800601 0.24429475504029302 0.98603956096753997 0.49176247650916532 0.99981467028629789 0.80351453407158957 0.81014628396172428 0.53610043782403605 0.68768807817297106 0.97091460406116881 0.16538531946595381 0.3294899976316612 0.20140270351902076 0.79982559697113986 0.53139328171938194 0.31253858063585727 0.61727904305485881 0.15721042840697272 0.23849635561578483 0.29999328018740501 0.96822936110280367 0.66578156459444038 0.71925821906831033 1 0.97645587705607473 0.13970112726866174 0.77830107595877296 0.99614032251393969 0.71898896376367527 1.135853539654811e-06
#
//NFE=31865
//ElapsedTime=405.80045999999999
//SBX=0.14285714285714285
//DE=0.14285714285714285
//PCX=0.2857142857142857
//SPX=0.14285714285714285
//UNDX=0.14285714285714285
//UM=0.14285714285714285
//Improvements=62
//Restarts=88
//PopulationSize=100
//ArchiveSize=1
0.1986241222800019 0.49523392530627791 0.3613695601240266 0.47016087397563255 0.86113593648755449 0.066220301430962109 0.28583939458437407 0.43992566891920332 0.18355784960809443 0.32482371363820667 0.2616566208804651 0.81109243529880082 0.6425410598054655 0.36228795653926221 0.98215552359095293 1 0.7076281263172306 0.84723183106842503 0.99189756187358202 0.20332553926892089 0.41614683273102843 0.62545043431821934 0.97514651189286705 0.41539838950030689 0.099341279581497022 0.74877173980389711 0.48257721210976373 0.90181057956564703 0.15790152439795754 0.19993857291826306 0.40253445667154786 0.54860027708665993 0.89278156733398528 0.50087757836085889 0.52626903467227759 0.31084197895545634 0.99277928823772765 0.52812046169777149 0.89376828060641755 0.5442746321121984 0.59842027805843645 0.86780407299065987 0.19989859330913828 0.95509120095761446 0.23021037215117457 0.23458271209965323 0.24533371655038957 0.98495407357155695 0.49411018454343042 0.97227293598082287 0.80071743785772809 0.81102269359329926 0.48063480572477885 0.68991693674719623 0.96819608138660718 0.27180734176792404 0.32644478562807616 0.20092253225723711 0.80160277129585922 0.53469919371523589 0.31891978492751316 0.61708726901700584 0.15790631394773941 0.24101649222478949 0.30031862198025566 0.97334302722129484 0.664707021206144 0.70293535001499097 0.99861272971797888 0.97967731123220492 0.12316893996352855 0.77544628351351685 1 0.71794170659567069 1.1358373073255674e-06
#
//NFE=32958
//ElapsedTime=419.05865599999998
//SBX=0.14285714285714285
//DE=0.14285714285714285
//PCX=0.14285714285714285
//SPX=0.14285714285714285
//UNDX=0.2857142857142857
//UM=0.14285714285714285
//Improvements=62
//Restarts=92
//PopulationSize=100
//ArchiveSize=1
0.19502965442559972 0.49272774375197637 0.36150225815541953 0.471074090809813 0.86226595461254496 0.065455368597124655 0.283890370712711 0.42187227630937135 0.18279089741006274 0.32480510769676807 0.29616570735726638 0.81619356777506724 0.64305390062070744 0.36507100710726015 0.98124442178782201 0.99821694718721377 0.70916886542490232 0.84636545695988707 0.99322206172681637 0.24352249319119396 0.42227024138048053 0.63331487488113514 0.97853585432918655 0.41327251532652121 0.15812596365577675 0.73326287683743652 0.40791898148169387 0.90920416543879334 0.15760856798844763 0.19726906245254086 0.40048833027027869 0.52934803821710108 0.89288016893163735 0.52408538629643275 0.52567501166551911 0.31030357414781867 0.99271799093886404 0.51872473642951311 0.89343408994406914 0.54528493853875526 0.59755596883799078 0.86884450531397617 0.20382048265354336 0.95171113705055876 0.22754110482982537 0.23558198003817241 0.20746375404265999 0.98527977101807773 0.52893008373885653 0.97301068730717388 0.81373723056176583 0.81082322055150557 0.48460209898079404 0.69694822825983582 0.97037694499508043 0.27170429011690939 0.32586396397639195 0.19824571077477696 0.80252604470577193 0.53849730582236699 0.32076505444145126 0.66986515233557431 0.15557201299221535 0.24264469315388074 0.29026752651965332 0.85641695887433444 0.66044236878324802 0.60734843555838702 0.99911351743803567 0.98021167248801488 0.12345356956600306 0.77599963553126394 0.99849950361466311 0.77798335515867256 1.1358278412952745e-06
#
//NFE=33959
//ElapsedTime=431.27190400000001
//SBX=0.14285714285714285
//DE=0.14285714285714285
//PCX=0.2857142857142857
//SPX=0.14285714285714285
//UNDX=0.14285714285714285
//UM=0.14285714285714285
//Improvements=62
//Restarts=95
//PopulationSize=100
//ArchiveSize=1
0.19348319948232348 0.49124704066681429 0.36152572702533536 0.46933035042443033 0.86145672095949544 0.065436721464470618 0.28361817054849936 0.41997755941144554 0.17297059395468636 0.3274121052054848 0.2935097108711347 0.81291210313742945 0.6418060488817664 0.36860098014060111 0.98180374036645757 0.9979476071495178 0.70792468908569239 0.84666010777901557 1 0.2298289092189417 0.41967332184002687 0.62644099564689193 0.97949771244014483 0.41206009894398149 0.18567769535166498 0.73231331809556544 0.40537964255277875 0.85696796852397605 0.15757439346541857 0.18866973627664141 0.40260073667484686 0.52917991509647955 0.89128917395583618 0.52441293419669421 0.52514525668509604 0.3089468692755008 0.99215508347976133 0.45793256092664064 0.89076328053627318 0.54603240443186474 0.60424107403872063 0.86749010810135341 0.20310692011819062 0.95015457716849838 0.22780833307355891 0.23880728334205026 0.23921142462036185 0.98476765341559103 0.53926871698250134 0.97027645417705444 0.81521922106805322 0.81212277009729517 0.48348281442211788 0.69594037134229525 0.97463484896732844 0.24021327627051572 0.32588998155249987 0.19898775235039895 0.80270195644378628 0.53863380429817131 0.32065231847814141 0.4860160140559599 0.15588348009995273 0.24148297956363712 0.29117987423394392 0.790652669687537 0.66111636416385111 0.57011766575327949 0.99852577479538429 0.98701329593859044 0.11747264143452871 0.77475289479666043 0.99935602242659838 0.77765103869123031 1.135823006150818e-06
#
//NFE=35053
//ElapsedTime=444.67919499999999
//SBX=0.2857142857142857
//DE=0.14285714285714285
//PCX=0.14285714285714285
//SPX=0.14285714285714285
//UNDX=0.14285714285714285
//UM=0.14285714285714285
//Improvements=62
//Restarts=99
//PopulationSize=100
//ArchiveSize=1
0.19398072121841425 0.3806775762916198 0.36218865985730092 0.46965154200690096 0.86117810930789318 0.06580575275488347 0.28565660358776174 0.41878037801949364 0.17256846775286921 0.32792566946258539 0.29308311071175286 0.81139700671905779 0.64229040314028518 0.3705782112343583 0.9816203516436065 0.99652263381238249 0.70687132394851548 0.84895687477688042 1 0.23124090046942627 0.41857504499969472 0.60214413706116487 0.97932844168741517 0.41224351775013746 0.18664465569339372 0.72580218701043009 0.33087245037255175 0.70843366726281853 0.15637022615558988 0.1878062942440758 0.40188270167101703 0.53090901959624803 0.89278441860557822 0.52373836677190855 0.53734268957649001 0.30929891200159809 1 0.5193509616520805 0.88976465891875411 0.54446586265911312 0.60441503900356941 0.86763249102802831 0.20715388000901075 0.95134962285063362 0.22624297458312734 0.2378167513431223 0.24138375684941402 0.98645480241298822 0.5382811339926814 0.95891634370872969 0.81282069573527704 0.83239036543720657 0.4859080633809213 0.69614147136210103 0.98060786720912452 0.22442330924349202 0.32419985042075339 0.19766160468259728 0.8025982727629043 0.5382133685532251 0.32037939745481792 0.48652605857927544 0.1557081099853419 0.24133305090559773 0.29194237080720137 0.58992935544618386 0.65842915847993433 0.54137862548670634 0.99788199471667338 0.98610288513650313 0.14420396329044355 0.74520550866404456 0.99963938301785538 0.76647539605390336 1.1358158532005914e-06
#
//NFE=36053
//ElapsedTime=457.38305300000002
//SBX=0.14285714285714285
//DE=0.14285714285714285
//PCX=0.2857142857142857
//SPX=0.14285714285714285
//UNDX=0.14285714285714285
//UM=0.14285714285714285
//Improvements=62
//Restarts=102
//PopulationSize=100
//ArchiveSize=1
0.19323964473067404 0.38714135278411144 0.36321109951520586 0.45748174478906067 0.86166665299515266 0.065170622964513883 0.27080252783827652 0.42046154891898768 0.17160480619270058 0.32734645756664593 0.28965816903765113 0.85200767685252221 0.63161244507488468 0.37081387042571629 0.95274433959949778 0.99706231416965352 0.68082728409150028 0.85386790971093729 1 0.22955666766712132 0.41792092656905339 0.60432017268874538 0.97771776549503953 0.39838726850441286 0.18726040892978482 0.79053879442779962 0.33162152336208939 0.70988787615111271 0.1570006822375648 0.19515031294084445 0.40163424018817828 0.51195833705006177 0.89245837466731148 0.51322308830246799 0.53522607534006428 0.30999292657601352 0.9999879144290893 0.51968111700496522 0.88884373153494822 0.5434598408107163 0.57978393230043446 0.92788872447455728 0.20519149884972834 0.94786417567099801 0.22479297259526285 0.23669103347675821 0.17705292634604747 0.9924626904675512 0.53828663568190616 0.97773220919417947 0.81279528983886395 0.83178003204040363 0.48546376987277362 0.70758050973320652 0.98310014943992619 0.22512890529766558 0.32392262146155359 0.1974949106186811 0.80419808587934949 0.5365556175378372 0.32115674102758596 0.49880973905090531 0.1544285053274192 0.23589546242149328 0.28288428467010024 0.58972895416002569 0.66078618222333685 0.54160552596949485 0.99920027527961364 0.98391818239537931 0.14917774717437549 0.74911809500644155 1 0.76804365288292586 1.1358068191861161e-06
#
//NFE=37150
//ElapsedTime=471.257272
//SBX=0.16666666666666666
//DE=0.16666666666666666
//PCX=0.16666666666666666
//SPX=0.16666666666666666
//UNDX=0.16666666666666666
//UM=0.16666666666666666
//Improvements=62
//Restarts=106
//PopulationSize=100
//ArchiveSize=1
0.19253236053190789 0.3876534533724777 0.36306228155409526 0.45749132814283894 0.86152666339708872 0.064496874267872539 0.27054323441975914 0.98555160958594623 0.17145858508940179 0.32693440438396026 0.29977483138292116 0.85152072915601518 0.63114731819275827 0.37580952445327703 0.96428466415967817 0.99713009775726946 0.67855823830295481 0.85367334845652931 0.99998222925319358 0.22523445618988419 0.41796114811136964 0.60502325938904422 0.97757171030129586 0.39776338832464886 0.18864565006693165 0.79639471458866085 0.33141073401830345 0.7448549111835836 0.15727536072189083 0.19528095931342057 0.40163234423266786 0.51163816966155085 0.89614013243871538 0.51153240572179437 0.53511945625688162 0.31034534077912518 0.99997509739904 0.52245649610132683 0.88916752533607502 0.54384283455888383 0.57709647486989923 0.92784205025233901 0.20480431129955232 0.94684015715814995 0.22468134746466742 0.23486902490026645 0.18061964283467608 0.99233946886424351 0.53914479435781615 0.97773120415929138 0.81257646288142971 0.83164797388767631 0.48529262456511291 0.7077139563293845 0.98316117894769461 0.21835316466709342 0.3237367075496268 0.19788869120028579 0.80612491377411877 0.53537511139978233 0.32105030033563747 0.87422724225336768 0.15473519437628033 0.23468715987750641 0.28279139625451 0.58919030473479395 0.66133112989587073 0.54209270536209864 0.99938561108379687 0.98372042825987249 0.1489938567925693 0.74943691109118038 0.99999669034306771 0.76963007931556238 1.1358042175516179e-06
#
//NFE=38249
//ElapsedTime=484.96677599999998
//SBX=0.14285714285714285
//DE=0.14285714285714285
//PCX=0.2857142857142857
//SPX=0.14285714285714285
//UNDX=0.14285714285714285
//UM=0.14285714285714285
//Improvements=63
//Restarts=109
//PopulationSize=100
//ArchiveSize=1
0.19116922561898569 0.33488753726992226 0.36213935517069185 0.45443851453431683 0.86034713858870981 0.064110202681769035 0.25975214220124593 0.82197916532896731 0.17140724556969775 0.31824122713633263 0.30113134454029411 0.83970847300134266 0.63411542459148362 0.3743400388377307 0.97601182813206377 0.99633966425717091 0.66967908283859179 0.85623263603606625 1 0.24428188039139459 0.41879444061055388 0.6026831871283056 0.9767008289709086 0.39466516539776375 0.18555071066616691 0.79544768535345711 0.32222803363628405 0.74391597073847726 0.15917182954128112 0.1954413897725896 0.40217163917263593 0.51397913992164368 0.89254179429754255 0.5133570208670758 0.53394520516640498 0.31098748649372321 1 0.45763708671487563 0.88700174667305076 0.5425947300691264 0.57609243274238764 0.92658326124406021 0.20595231003212855 0.94538779878928425 0.22288293509584378 0.23260893304108202 0.18470204588336189 0.99270918858314083 0.53286886945351897 0.96802220888757395 0.81620673309799741 0.83205664492485165 0.48472145929368321 0.70569655882051352 0.9849716019721092 0.32630123144477435 0.32386792973068756 0.19743348428221816 0.80654367513938374 0.53794747378093111 0.32159978830466956 0.87302307409531243 0.15508448854694051 0.23156970889280018 0.28465344339907445 0.5897149014487959 0.66163085407156097 0.5391888507537439 1 0.98231787909414314 0.14745914494395454 0.75625652360073348 1 0.78048782363126235 1.1357989121646078e-06
#
//NFE=39250
//ElapsedTime=497.21890999999999
//SBX=0.14285714285714285
//DE=0.14285714285714285
//PCX=0.2857142857142857
//SPX=0.14285714285714285
//UNDX=0.14285714285714285
//UM=0.14285714285714285
//Improvements=63
//Restarts=112
//PopulationSize=100
//ArchiveSize=1
0.18923455841462233 0.33567550263698714 0.35984756777049487 0.45457255342113095 0.86063210855759387 0.064158494173071873 0.33048311832808447 0.82272103467939073 0.16991235737593499 0.31494131973441974 0.30012087990304376 0.92442276635909981 0.63289358424079312 0.38095229276277276 0.97626959862282037 0.99567509202955151 0.67323747844115012 0.85884048730358853 0.99999691929008339 0.24492320527531952 0.41726586846909308 0.60263829489840159 0.97634821225175927 0.39450742147854623 0.19000625973552424 0.79408535430602689 0.32243117652624115 0.50659640436593134 0.16029876109581634 0.19490045293291364 0.40331556868558627 0.50539530430763502 0.89296072450239605 0.51143610898776692 0.53514048828166272 0.31055286579477304 0.9988950712648178 0.4578918646039441 0.88708942266325608 0.54218998083843573 0.57548752665040226 0.92756266318330172 0.21335582250150481 0.94499746491809233 0.22114516388629685 0.23521666749526671 0.17879759030411335 0.99140507406681733 0.53403002288860879 0.9054602875680281 0.81604468323345858 0.84919166128184942 0.48641098493143065 0.70015285241248593 0.98876356681042654 0.32302026351722413 0.32184106379158189 0.19736032788438423 0.80564397941103694 0.53235456542314263 0.31952864185663876 0.87688088134070408 0.15449956594065484 0.23179692327007886 0.28382575948423644 0.5996538096434838 0.66026156483722909 0.53979532706356881 0.99995386937317832 0.98202582000198169 0.14904149465865005 0.78798507740217716 0.99983873696798053 0.76015225443759027 1.1357923219576141e-06
#
//NFE=40347
//ElapsedTime=510.66714100000002
//SBX=0.14285714285714285
//DE=0.14285714285714285
//PCX=0.14285714285714285
//SPX=0.14285714285714285
//UNDX=0.2857142857142857
//UM=0.14285714285714285
//Improvements=63
//Restarts=116
//PopulationSize=100
//ArchiveSize=1
0.1868001999222785 0.33696101999625894 0.36020224660100536 0.45358247272890512 0.86135187437703875 0.06404025809394133 0.33532574850056596 0.77502623626476763 0.17073362648293158 0.31545749569519438 0.30404149607408359 0.89607004216364972 0.63366747142071833 0.37738555632495402 0.9770138744521234 0.82118768246971596 0.67022569122981968 0.89052078470471008 0.99905993402371018 0.24655195482362866 0.42131143722453501 0.60328896665404685 0.97257852903238262 0.39766569227269188 0.18971274570176153 0.80071441740629612 0.32136153251591787 0.50347429089759355 0.15931676829987412 0.18971440168709305 0.41449384637910036 0.49089252658800508 0.89460882251045171 0.51074470260275895 0.53108505541803708 0.31051486557471353 1 0.45681953146692061 0.88478496124321659 0.54203204419683704 0.57489814946177098 0.93331142738106365 0.21479310276553407 0.94550619631425104 0.2200126370106536 0.23307699334923884 0.17578976558117998 0.98051261277504209 0.54331997340447802 0.90702520149989918 0.81516481681957409 0.84877012638133853 0.4841194386617273 0.70025107524551278 0.99167630715843946 0.32811302716125351 0.31974643406191627 0.19681915394620664 0.80752535881584564 0.53768415126094904 0.32099847594304221 0.87336097648540223 0.15368130862489948 0.23433078066378149 0.28369746937424128 0.44168281984554669 0.66115775523080933 0.46618608639031822 1 0.98080459705289158 0.16967655612433993 0.75513355576961116 0.99756916370742443 0.76183128273863754 1.1357867654712044e-06
#
//NFE=41347
//ElapsedTime=522.80255599999998
//SBX=0.14285714285714285
//DE=0.14285714285714285
//PCX=0.2857142857142857
//SPX=0.14285714285714285
//UNDX=0.14285714285714285
//UM=0.14285714285714285
//Improvements=63
//Restarts=119
//PopulationSize=100
//ArchiveSize=1
0.18554387947979681 0.33765748139732388 0.36160670120469812 0.45334246272341411 0.86138400216139999 0.062869899447561786 0.33138888989535314 0.77489309573984333 0.17097860183451374 0.31239168977048892 0.27115387896370152 0.89418012601362551 0.63580857394870416 0.37918019027937888 0.99466912713661682 0.96720048528401381 0.66972745457173954 0.88848804821603455 0.99872265920039882 0.24821481870690032 0.42295960391727838 0.5959488880975442 0.96763584178001094 0.39805226804646066 0.18524622438701463 0.79894196379832805 0.31953132917862304 0.50499590649638382 0.17520266920173794 0.18486674099506789 0.41647278760502227 0.48421387656595172 0.89822614964243941 0.50897123692372293 0.53350470303881259 0.30754227782097959 0.99979822790383832 0.46133000030970983 0.88691345828343715 0.54112606786275552 0.55135435870526428 0.93569129670588946 0.19549502337604754 0.94495576645414547 0.22810597923468254 0.23172087581448775 0.17644669459853898 0.93756253370879483 0.54053545097764 0.90344115809755887 0.81249924981685673 0.84501543190576833 0.48301846370632262 0.70271635223815487 0.99301373789337533 0.20300647041534176 0.31761675095923275 0.19416237305369097 0.80572378646437515 0.53894451483879802 0.31831133042052562 0.91562507176592778 0.15473859112166891 0.23242400677852632 0.2852011391576682 0.46239193730005917 0.66174343990437545 0.47239954897025588 0.99999936691564528 0.98051344163557219 0.16842834237531346 0.74653308036115007 0.99803186233164687 0.76149615030902529 1.1357775670486513e-06
#
//NFE=42442
//ElapsedTime=536.16257800000005
//SBX=0.14285714285714285
//DE=0.14285714285714285
//PCX=0.2857142857142857
//SPX=0.14285714285714285
//UNDX=0.14285714285714285
//UM=0.14285714285714285
//Improvements=63
//Restarts=123
//PopulationSize=100
//ArchiveSize=1
0.1836963553341589 0.35682532970917957 0.35987246213513124 0.44900236186280279 0.85975389155201487 0.062868327070545932 0.36908086613834801 0.77573367850470287 0.17013028588778731 0.31111469745991066 0.2776000635168368 0.90873836141024089 0.63329009802441349 0.38131251351546241 0.9939043590782648 0.97248117935625833 0.66827604092600901 0.95269801606254145 0.99995354767850464 0.26057951215685649 0.42420299310932957 0.60029007657762545 0.96778155915127773 0.39764887276260102 0.1869649364806201 0.78218863841263242 0.31939658901379009 0.49158381356378877 0.17631684678607654 0.18548204362231763 0.41647807161476141 0.48192992619725034 0.89732416494674272 0.4719010538500259 0.53350089624108421 0.30804128378603007 0.99999770598145588 0.32309247264744456 0.88563449887519263 0.53953188121211493 0.56295719116563359 0.99411972100888246 0.19643271006569954 0.95007993286160719 0.2287953121234659 0.23976529090478471 0.1734279626144018 0.92217731964410155 0.52444783734539469 0.91190230650001047 0.81561115858398847 0.84791051291018038 0.48164425878693012 0.70282494497068781 0.99711755984603201 0.20317035629805122 0.3168741384768311 0.1927970332493239 0.80319584592688043 0.540953212899419 0.31280894790544322 0.91088192450597061 0.15475050913236998 0.2363666731323735 0.28134756349511386 0.7425143986181808 0.66187932916934977 0.47529111684040143 1 0.98053959666105595 0.16700741956104273 0.74521254966387018 1 0.79527922704027998 1.1357688494264216e-06
#
//NFE=43442
//ElapsedTime=548.19318399999997
//SBX=0.14285714285714285
//DE=0.14285714285714285
//PCX=0.2857142857142857
//SPX=0.14285714285714285
//UNDX=0.14285714285714285
//UM=0.14285714285714285
//Improvements=63
//Restarts=126
//PopulationSize=100
//ArchiveSize=1
0.18109167080263333 0.3597906330009914 0.36057089847126905 0.44658007090477786 0.86039694816094969 0.063424534356646092 0.26745460818108274 0.77740989106173763 0.16848201196559964 0.31333156094801812 0.27520565737399172 0.90990537985232289 0.63332068776906514 0.36005147246386526 0.99084389764893521 0.96216872575308865 0.66616066751920222 0.94644172332212873 0.99961607449425993 0.25968086847042304 0.42365708094734661 0.60035558968378155 0.96541415651132267 0.40124451356616048 0.18050427195890842 0.78341090060421259 0.31842471421551821 0.4881211571778129 0.17581280751041212 0.18386933794039245 0.41961989733122618 0.48380099273964683 0.89550893252650821 0.47179338454566627 0.54101652551435542 0.31130502067266541 0.99800672034891436 0.3460817679072048 0.88250745477269077 0.53517239185816023 0.56651631535410918 0.98852911084044293 0.20306781933005041 0.91643474478417919 0.22818402951791611 0.2518743389840834 0.17434185551991718 0.98153383562599605 0.53090868324635843 0.99873766558515176 0.82343110175474987 0.84633844659098656 0.46245194761951708 0.70151745304685686 0.99541704912386453 0.06479552577789327 0.31565894785125564 0.19247603252821749 0.79653998510192114 0.52197044411199478 0.31258333716581754 0.65720361420008289 0.15604596954390826 0.23791060178529602 0.2876629533767322 0.74169401218917774 0.66044098045902344 0.47675803170827125 1 0.97991134216703712 0.17727513345858575 0.74809666356375726 0.99988125130835637 0.64847020151458812 1.1357611346058338e-06
#
//NFE=44540
//ElapsedTime=562.037014
//SBX=0.14285714285714285
//DE=0.14285714285714285
//PCX=0.2857142857142857
//SPX=0.14285714285714285
//UNDX=0.14285714285714285
//UM=0.14285714285714285
//Improvements=63
//Restarts=130
//PopulationSize=100
//ArchiveSize=1
0.18039431388454644 0.36292553463292676 0.35981358554067416 0.44685903195801685 0.85999034502418825 0.063654380184980763 0.26578623919141597 0.72442101134343095 0.18046282490542637 0.31244876968784047 0.2945778342469646 0.61145041274665779 0.63182373173077311 0.35994531618938547 0.98889456922545038 0.96162517710725981 0.66628857256386431 0.94481725142904194 1 0.25858957356495704 0.41777486059921565 0.6019355206336624 0.96433598632277795 0.39616302286079147 0.17769333299570464 0.79229094458514726 0.31826418638326553 0.48297449602293296 0.17673814738185295 0.18409785007030535 0.41905594179317918 0.48378092829290725 0.91225999991331108 0.47310060236438595 0.54056986403426888 0.31002972814730478 0.99770982736894032 0.34481793154807588 0.88314136201364291 0.53620855829926939 0.56652356932564807 0.98920847707771242 0.20473119120343658 0.92895689686783622 0.22849406255000398 0.25221548437502667 0.17342149646542818 0.99140476051879689 0.53193863870404068 0.99971958515942039 0.82229216565711938 0.88250648091732065 0.4613394486058699 0.70041823019880634 0.99999161269112957 0.054233805907152398 0.31473939517982935 0.19096000709575714 0.79339651641421005 0.52118694759718065 0.31271082864125332 0.57786409442942022 0.14124588613179009 0.2542185235750386 0.28986048010472582 0.71631758737824625 0.66129957372815551 0.46369053834323226 0.99999945473652863 0.9794006807612966 0.17498977101079746 0.74656106323310145 0.99984925511574396 0.73825279831563129 1.1357505685586331e-06
#
//NFE=45540
//ElapsedTime=574.72139700000002
//SBX=0.14285714285714285
//DE=0.14285714285714285
//PCX=0.14285714285714285
//SPX=0.2857142857142857
//UNDX=0.14285714285714285
//UM=0.14285714285714285
//Improvements=63
//Restarts=133
//PopulationSize=100
//ArchiveSize=1
0.18039317587649001 0.3629606932876151 0.35981396548444655 0.44685552492440783 0.85999025741268209 0.063653659502062671 0.26779984648822019 0.72442131396644405 0.18064904496521614 0.28771292269163151 0.29457790470419926 0.82632143245269618 0.63182881044272154 0.35994471440760056 0.98959287655655637 0.96157041488954587 0.66458490937589476 0.94501203461149341 1 0.5052878352851965 0.41780625461374804 0.58155955308673035 0.96434224958068937 0.39281004182424134 0.17769645630774619 0.7922944005245498 0.31973528624348929 0.40450555074946826 0.17668062993453751 0.18409820539378627 0.41900806345070568 0.48333769072855648 0.91149229278931398 0.47295150255801077 0.54056938726885184 0.31002317421705844 0.99771245163159494 0.39849124184783508 0.88314380042758955 0.53620810196124591 0.56644515364147419 0.98920494143835236 0.20488386846576373 0.91529613645822949 0.23095709346104784 0.25221922870411057 0.17331612867929758 0.99140349398713923 0.53182238638202672 0.99931417472578654 0.82229027149607659 0.8887279726556736 0.46319469389565637 0.84269945807238633 0.99999162230197791 0.053450637370463072 0.31473754248233476 0.19104029189764229 0.7959478121986725 0.5211839508549192 0.30750455024049783 0.56873326719463724 0.14124775597118686 0.25422064655736626 0.28963479799677988 0.71731648216461552 0.66129673398378286 0.46369249319050532 0.99996909399922385 0.98018332354883264 0.16864340609407821 0.74656171204318422 0.99984942785126862 0.49894310894163063 1.1357459052695671e-06
#
//NFE=46634
//ElapsedTime=588.761303
//SBX=0.14285714285714285
//DE=0.14285714285714285
//PCX=0.14285714285714285
//SPX=0.14285714285714285
//UNDX=0.2857142857142857
//UM=0.14285714285714285
//Improvements=63
//Restarts=137
//PopulationSize=100
//ArchiveSize=1
0.17397167750385883 0.47877270046960152 0.36103498820784119 0.44667203710368147 0.86052668852128922 0.062991493245289118 0.24762101180806922 0.73131112207901439 0.18284513940473432 0.27519085691494344 0.30153855466532631 0.82786746990240101 0.62996752316856353 0.36041837458298009 0.99834949973440923 0.96081451050825029 0.64900405814526896 0.94070212090030703 1 0.50871278238938078 0.41685537741587131 0.58250048528895049 0.96471410207328423 0.39249572829698853 0.18684182494922086 0.78666667138757818 0.31956624326893435 0.40290609848797965 0.17676637054343214 0.1800508614481463 0.41814965294059814 0.81502327504917593 0.91132937431699657 0.50402796725437038 0.53988844538057035 0.30891023059157396 0.99569898527679745 0.30624804593580179 0.88428010696137582 0.53706076707305916 0.56652978467481863 0.98700186216664287 0.20175357228832905 0.9527999665478244 0.23283172880357009 0.25244851529605167 0.17194062847700436 0.99743679305478861 0.531248929878266 1 0.82329706055901364 0.88837213013980854 0.4661692039079896 0.85570970307279304 0.99902966494200385 0.045584640386146819 0.31330356888979316 0.19058835044428918 0.79609025546314882 0.52097653284422607 0.30704323172080533 0.6607820134851512 0.13974660397824051 0.2603362895070756 0.28857801181748255 0.72018522244825389 0.65979851593720784 0.46439401210673015 0.9994088656792337 0.99514358660557545 0.16959520743170983 0.74620937281563005 0.99858222416282183 0.4933449386057514 1.1357374778082197e-06
#
//NFE=47635
//ElapsedTime=601.47074499999997
//SBX=0.14285714285714285
//DE=0.14285714285714285
//PCX=0.14285714285714285
//SPX=0.14285714285714285
//UNDX=0.2857142857142857
//UM=0.14285714285714285
//Improvements=63
//Restarts=140
//PopulationSize=100
//ArchiveSize=1
0.1698838507106181 0.47785750016716977 0.35981377956980076 0.44679661752655897 0.86109042751241227 0.063015202547177115 0.24972653755520607 0.80745353594425195 0.18257338756594882 0.27586596664469737 0.2951157458750312 0.83907709524652274 0.62937995113118295 0.3774981494309983 0.99919389369138301 0.96129460478384487 0.64602493665719041 0.941105183140998 1 0.56230968769607936 0.41751813334879773 0.59178052721015606 0.95570956900865822 0.39573379863399594 0.18388928869731735 0.80316302303297038 0.31612705117747902 0.40279419148714296 0.17710062208411656 0.18162227407782805 0.42121784876487012 0.44003224272951169 0.91068307547443139 0.52948945396371694 0.53924038204650693 0.31095110283276417 0.99592135146789962 0.30625819907782625 0.88270230093738755 0.53867330800006952 0.56648231900056656 0.98750078615385051 0.2037768726780371 0.91485888664951232 0.23225495533063722 0.25270130156647141 0.16845938825064197 0.99159423080708409 0.54255801344071886 0.99999609532158562 0.8655866608038516 0.88539270707004636 0.46731084480106999 0.85006703068732947 0.99977235179733082 0.049432726881639681 0.31242860362617958 0.18926774092648191 0.79652772199496347 0.51776291752265746 0.31048596709896598 0.66080819119376522 0.13798359723216444 0.26897154829674436 0.28845241088220347 0.71096772282710763 0.65639309652105937 0.4635561347989825 0.99935775837860086 0.99513529715079274 0.15071877283612548 0.74834816095589085 0.99917739092299018 0.52183178684089881 1.1357241094482069e-06
#
//NFE=48731
//ElapsedTime=615.41436799999997
//SBX=0.14285714285714285
//DE=0.14285714285714285
//PCX=0.14285714285714285
//SPX=0.2857142857142857
//UNDX=0.14285714285714285
//UM=0.14285714285714285
//Improvements=63
//Restarts=144
//PopulationSize=100
//ArchiveSize=1
0.16605412376167278 0.47866529037956895 0.35988640181168519 0.44574349090544119 0.86064649346158095 0.062846244808928156 0.30245981406499911 0.80759160116508166 0.18279774361302623 0.27639935250158254 0.29499393103315869 0.83987255527849469 0.62973550461744221 0.37463890414100387 0.99859346078291522 0.97117163705899656 0.64643496700694658 0.94145912949240351 1 0.56297149134025237 0.41498774264815608 0.59176140821525647 0.94846125944857684 0.39602336315087644 0.18385827342051361 0.80762999250940615 0.31973510352512452 0.40121471814961096 0.17733715073096054 0.1840716076384111 0.42126005895732016 0.44161847665273479 0.91058102228840587 0.53165563496565404 0.54143153943444677 0.31233812790646981 0.99584946971012356 0.3091997279657327 0.88261933901720924 0.53874829907401822 0.56710477048109842 0.96685329908418571 0.20524623794614949 0.91502062487629943 0.23148392903874432 0.25360061295683345 0.19108156993963082 0.99521602760290051 0.56294940246384961 0.99987348074627491 0.87244817801440633 0.88541288897882209 0.46747557786523702 0.85030328551560941 1 0.22381597157053937 0.31205220466587719 0.18919806216313806 0.79690832454772276 0.51878062311412665 0.31034214911779767 0.5882882615536269 0.1378419833424851 0.26914293205340845 0.30388365243833387 0.70996385996669353 0.65961906290288841 0.47037059729636443 0.99912137257943523 0.99560061109520714 0.14760044261583571 0.74803894824976069 0.99958616722143778 0.52175678926714475 1.1357168152756011e-06
#
//NFE=49731
//ElapsedTime=628.01227200000005
//SBX=0.2857142857142857
//DE=0.14285714285714285
//PCX=0.14285714285714285
//SPX=0.14285714285714285
//UNDX=0.14285714285714285
//UM=0.14285714285714285
//Improvements=63
//Restarts=147
//PopulationSize=100
//ArchiveSize=1
0.16061189678476834 0.47566912243667325 0.35901771434999064 0.44592505713912561 0.85999091404361883 0.062490725009469575 0.30200740802704362 0.63658848264731172 0.1820902507591832 0.27781670406845649 0.28662148158719597 0.83920099741210819 0.63048088508861 0.37533160620723849 0.9998069650970911 0.96031583778492369 0.65376437560991107 0.96437624303725866 0.9997472564206844 0.56968996492268065 0.41496816559255323 0.58965483605483504 0.94802588869136639 0.39609753972506279 0.18668170810525167 0.82291544755039747 0.31986720727798978 0.40697507235571617 0.17757415064978044 0.18491001070611598 0.43874316833451177 0.44211222749837908 0.91102925718297101 0.53127781844586552 0.54257500274459203 0.31163634260324358 0.99610753192730672 0.31028122868284275 0.88248515462994259 0.53564580547470741 0.56891896469998426 0.96753972305687341 0.2062469173252045 0.9149903445790819 0.22960097393765644 0.25322982719921844 0.19139459051557794 1 0.56378572009707362 0.99855391657406289 0.88287769049161513 0.88542493316416415 0.46652509270495801 0.85050765638863179 0.999711325563446 0.22815734985189157 0.31053802582636392 0.18803839123445817 0.79759893683371919 0.5194461860117473 0.31030350482246782 0.58826362491517548 0.13856905705877653 0.26916099357615036 0.30012656029649304 0.70988575447309377 0.66116035182604482 0.47023926071833877 0.99957498623957441 0.99596984063836547 0.14654722176680615 0.74354594535267171 1 0.542728980574266 1.1357089051098545e-06
#
